0 0
0 10
0 28
0 32
0 53
0 72
0 79
0 84
0 91
0 105
0 128
0 143
0 150
0 159
0 171
0 175
0 185
0 187
0 188
0 193
0 196
0 198
0 203
0 218
0 219
0 228
0 239
0 252
0 265
0 268
0 282
0 289
0 293
0 296
0 300
0 307
0 327
0 331
0 332
0 338
0 340
0 359
0 360
0 368
0 408
0 413
0 431
0 445
0 449
0 474
0 481
0 488
0 492
0 494
1 1
1 7
1 16
1 24
1 31
1 35
1 41
1 51
1 54
1 57
1 62
1 83
1 85
1 87
1 96
1 102
1 117
1 122
1 124
1 129
1 130
1 133
1 144
1 145
1 149
1 166
1 167
1 168
1 170
1 172
1 180
1 189
1 192
1 197
1 208
1 213
1 221
1 224
1 227
1 237
1 241
1 248
1 250
1 255
1 256
1 267
1 270
1 273
1 285
1 291
1 303
1 309
1 313
1 317
1 318
1 319
1 321
1 328
1 339
1 345
1 348
1 352
1 353
1 370
1 373
1 384
1 386
1 391
1 400
1 417
1 422
1 424
1 432
1 434
1 436
1 438
1 456
1 463
1 476
1 483
1 498
2 2
2 21
2 43
2 59
2 71
2 98
2 119
2 123
2 147
2 150
2 173
2 202
2 205
2 214
2 217
2 259
2 263
2 280
2 315
2 356
2 359
2 365
2 396
2 397
2 406
2 413
2 415
2 435
2 457
2 466
2 491
2 494
2 496
3 3
3 6
3 29
3 47
3 49
3 95
3 114
3 135
3 182
3 204
3 230
3 242
3 249
3 254
3 271
3 277
3 286
3 288
3 295
3 312
3 316
3 336
3 357
3 382
3 383
3 390
3 412
3 420
3 423
3 425
3 433
3 442
3 451
4 4
4 12
4 33
4 52
4 58
4 76
4 77
4 107
4 109
4 112
4 146
4 153
4 154
4 158
4 178
4 183
4 190
4 195
4 215
4 216
4 247
4 266
4 284
4 304
4 320
4 324
4 330
4 347
4 354
4 355
4 362
4 374
4 385
4 387
4 389
4 405
4 429
4 448
4 459
5 5
5 15
5 30
5 38
5 44
5 55
5 82
5 93
5 101
5 132
5 138
5 156
5 174
5 191
5 199
5 240
5 243
5 257
5 274
5 299
5 326
5 335
5 337
5 358
5 392
5 393
5 395
5 407
5 409
5 419
5 441
5 444
5 460
5 469
5 471
5 477
5 489
6 6
6 47
6 65
6 80
6 106
6 114
6 135
6 139
6 151
6 182
6 204
6 206
6 210
6 230
6 249
6 269
6 277
6 278
6 286
6 294
6 316
6 329
6 380
6 390
6 399
6 412
6 420
6 430
6 442
6 454
6 458
6 467
6 487
7 7
7 16
7 24
7 35
7 41
7 45
7 51
7 57
7 62
7 67
7 75
7 77
7 83
7 85
7 87
7 92
7 96
7 107
7 117
7 122
7 130
7 133
7 145
7 161
7 166
7 170
7 172
7 178
7 180
7 189
7 192
7 195
7 197
7 213
7 216
7 234
7 237
7 241
7 248
7 250
7 256
7 267
7 270
7 273
7 285
7 291
7 303
7 309
7 317
7 318
7 319
7 320
7 321
7 339
7 345
7 348
7 352
7 354
7 370
7 373
7 374
7 384
7 386
7 414
7 422
7 434
7 436
7 438
7 463
7 473
8 8
8 18
8 23
8 31
8 42
8 51
8 54
8 62
8 69
8 102
8 103
8 108
8 124
8 125
8 129
8 130
8 134
8 137
8 141
8 144
8 149
8 167
8 168
8 181
8 184
8 197
8 208
8 221
8 223
8 227
8 233
8 235
8 245
8 255
8 256
8 261
8 270
8 273
8 276
8 301
8 303
8 313
8 317
8 325
8 328
8 339
8 344
8 350
8 352
8 353
8 364
8 369
8 370
8 391
8 400
8 402
8 417
8 424
8 426
8 432
8 436
8 438
8 446
8 456
8 462
8 464
8 476
8 478
8 480
8 483
8 498
9 9
9 10
9 66
9 74
9 80
9 86
9 90
9 139
9 151
9 193
9 196
9 222
9 254
9 278
9 294
9 306
9 308
9 351
9 367
9 377
9 439
9 458
9 468
9 499
10 10
10 21
10 28
10 53
10 59
10 72
10 74
10 79
10 84
10 90
10 91
10 98
10 105
10 143
10 150
10 159
10 171
10 175
10 185
10 187
10 193
10 203
10 219
10 228
10 244
10 252
10 263
10 265
10 268
10 282
10 289
10 293
10 296
10 300
10 306
10 307
10 327
10 332
10 340
10 356
10 359
10 365
10 367
10 397
10 406
10 408
10 413
10 445
10 449
10 474
10 494
10 496
10 497
10 499
12 12
12 24
12 33
12 45
12 52
12 67
12 75
12 77
12 92
12 107
12 109
12 112
12 145
12 146
12 153
12 158
12 161
12 166
12 178
12 183
12 190
12 195
12 215
12 216
12 234
12 247
12 266
12 267
12 284
12 285
12 304
12 320
12 321
12 324
12 330
12 347
12 354
12 362
12 373
12 374
12 387
12 389
12 394
12 414
12 429
12 459
12 473
13 13
13 16
13 37
13 68
13 104
13 111
13 115
13 125
13 129
13 149
13 152
13 212
13 232
13 235
13 238
13 246
13 258
13 281
13 297
13 313
13 349
13 350
13 353
13 375
13 379
13 401
13 410
13 417
13 421
13 424
13 464
13 480
14 14
14 17
14 40
14 46
14 56
14 65
14 110
14 116
14 118
14 126
14 164
14 194
14 201
14 209
14 210
14 226
14 251
14 329
14 378
14 380
14 399
14 418
14 427
14 430
14 447
14 452
14 467
14 490
14 495
15 15
15 25
15 38
15 44
15 63
15 64
15 82
15 88
15 89
15 138
15 174
15 176
15 191
15 199
15 220
15 231
15 236
15 243
15 257
15 274
15 292
15 299
15 326
15 333
15 337
15 342
15 372
15 392
15 407
15 440
15 441
15 444
15 450
15 455
15 460
15 469
15 471
15 477
15 489
16 16
16 31
16 35
16 41
16 51
16 54
16 57
16 62
16 68
16 83
16 85
16 87
16 96
16 102
16 117
16 122
16 124
16 125
16 129
16 130
16 133
16 144
16 145
16 149
16 166
16 167
16 168
16 170
16 172
16 180
16 189
16 192
16 197
16 208
16 213
16 221
16 227
16 237
16 241
16 248
16 250
16 255
16 256
16 258
16 270
16 273
16 291
16 303
16 309
16 313
16 317
16 318
16 319
16 328
16 339
16 345
16 348
16 352
16 353
16 370
16 373
16 384
16 386
16 391
16 400
16 401
16 410
16 417
16 421
16 422
16 424
16 432
16 434
16 436
16 438
16 456
16 463
16 476
17 17
17 40
17 56
17 65
17 110
17 116
17 118
17 126
17 139
17 164
17 194
17 209
17 210
17 226
17 251
17 308
17 329
17 378
17 380
17 388
17 399
17 418
17 427
17 452
17 454
17 467
17 468
17 486
17 490
17 495
18 18
18 23
18 29
18 42
18 49
18 50
18 69
18 95
18 103
18 108
18 114
18 134
18 137
18 141
18 160
18 169
18 181
18 182
18 184
18 206
18 223
18 233
18 242
18 245
18 261
18 271
18 276
18 301
18 312
18 325
18 344
18 357
18 364
18 366
18 369
18 383
18 390
18 402
18 420
18 423
18 426
18 433
18 446
18 451
18 462
18 478
19 19
20 20
20 32
20 36
20 63
20 64
20 81
20 88
20 100
20 128
20 176
20 177
20 186
20 188
20 198
20 218
20 220
20 225
20 231
20 236
20 239
20 252
20 262
20 279
20 292
20 331
20 333
20 338
20 342
20 346
20 360
20 361
20 363
20 368
20 381
20 431
20 440
20 450
20 481
20 488
20 492
21 21
21 28
21 43
21 53
21 59
21 71
21 79
21 98
21 105
21 119
21 123
21 143
21 147
21 150
21 159
21 171
21 173
21 185
21 202
21 205
21 214
21 217
21 244
21 259
21 263
21 265
21 268
21 280
21 289
21 296
21 300
21 315
21 327
21 340
21 356
21 359
21 365
21 396
21 397
21 406
21 408
21 413
21 415
21 435
21 445
21 449
21 457
21 466
21 491
21 494
21 496
21 497
23 23
23 31
23 42
23 51
23 54
23 62
23 69
23 102
23 103
23 108
23 124
23 125
23 129
23 130
23 134
23 137
23 141
23 144
23 149
23 167
23 168
23 181
23 184
23 197
23 208
23 221
23 223
23 227
23 233
23 235
23 242
23 245
23 255
23 256
23 261
23 270
23 276
23 301
23 303
23 313
23 325
23 328
23 344
23 350
23 352
23 353
23 364
23 369
23 370
23 391
23 400
23 402
23 417
23 424
23 426
23 432
23 436
23 438
23 446
23 456
23 462
23 464
23 476
23 478
23 480
23 483
23 498
24 24
24 35
24 41
24 45
24 57
24 67
24 75
24 77
24 83
24 85
24 87
24 92
24 96
24 107
24 112
24 117
24 122
24 133
24 145
24 153
24 161
24 166
24 170
24 172
24 178
24 180
24 189
24 192
24 195
24 213
24 216
24 234
24 237
24 241
24 247
24 248
24 250
24 266
24 267
24 284
24 285
24 291
24 304
24 309
24 318
24 319
24 320
24 321
24 330
24 345
24 348
24 354
24 373
24 374
24 384
24 386
24 394
24 414
24 422
24 429
24 434
24 463
24 473
25 25
25 44
25 64
25 78
25 88
25 89
25 138
25 142
25 157
25 162
25 179
25 191
25 199
25 220
25 231
25 299
25 333
25 372
25 376
25 392
25 407
25 440
25 441
25 455
25 469
25 475
25 489
27 27
28 28
28 43
28 53
28 59
28 71
28 72
28 79
28 84
28 98
28 105
28 119
28 123
28 143
28 150
28 159
28 171
28 173
28 185
28 187
28 202
28 203
28 205
28 214
28 217
28 219
28 228
28 244
28 259
28 263
28 265
28 268
28 280
28 282
28 289
28 296
28 300
28 315
28 327
28 340
28 356
28 359
28 365
28 396
28 397
28 406
28 408
28 413
28 435
28 445
28 449
28 457
28 466
28 474
28 491
28 494
28 496
28 497
28 499
29 29
29 42
29 49
29 50
29 69
29 95
29 99
29 103
29 108
29 114
29 134
29 137
29 141
29 160
29 169
29 181
29 182
29 184
29 230
29 233
29 235
29 242
29 245
29 261
29 271
29 286
29 288
29 301
29 312
29 344
29 357
29 364
29 366
29 369
29 383
29 390
29 412
29 420
29 423
29 426
29 433
29 446
29 451
29 462
29 478
29 484
30 30
30 37
30 39
30 55
30 82
30 93
30 101
30 115
30 132
30 155
30 156
30 174
30 200
30 240
30 257
30 272
30 274
30 326
30 335
30 337
30 358
30 379
30 393
30 395
30 409
30 419
30 441
30 444
30 460
30 471
30 477
30 485
31 31
31 35
31 51
31 54
31 57
31 62
31 69
31 85
31 96
31 102
31 117
31 124
31 125
31 129
31 130
31 134
31 137
31 144
31 149
31 167
31 168
31 170
31 172
31 180
31 181
31 184
31 189
31 197
31 208
31 213
31 221
31 223
31 227
31 233
31 241
31 255
31 256
31 258
31 261
31 270
31 273
31 301
31 303
31 309
31 313
31 317
31 318
31 319
31 325
31 328
31 339
31 348
31 350
31 352
31 353
31 364
31 370
31 384
31 386
31 391
31 400
31 401
31 402
31 417
31 422
31 424
31 432
31 434
31 436
31 438
31 446
31 456
31 463
31 464
31 476
31 478
31 480
31 483
31 498
32 32
32 36
32 63
32 81
32 91
32 100
32 128
32 175
32 176
32 177
32 186
32 188
32 198
32 218
32 219
32 225
32 228
32 236
32 239
32 252
32 262
32 279
32 282
32 292
32 293
32 307
32 331
32 338
32 342
32 346
32 360
32 361
32 363
32 368
32 381
32 431
32 450
32 481
32 488
32 492
33 33
33 45
33 52
33 67
33 75
33 77
33 92
33 107
33 109
33 112
33 146
33 153
33 154
33 158
33 161
33 178
33 183
33 190
33 195
33 215
33 216
33 234
33 247
33 266
33 284
33 285
33 304
33 320
33 324
33 330
33 347
33 354
33 355
33 362
33 374
33 387
33 389
33 394
33 414
33 429
33 459
33 473
35 35
35 41
35 45
35 51
35 57
35 62
35 67
35 75
35 83
35 85
35 87
35 92
35 96
35 102
35 117
35 122
35 130
35 133
35 145
35 161
35 166
35 168
35 170
35 172
35 180
35 189
35 192
35 197
35 213
35 224
35 227
35 234
35 237
35 241
35 248
35 250
35 255
35 256
35 267
35 270
35 273
35 285
35 291
35 303
35 309
35 317
35 318
35 319
35 321
35 339
35 345
35 348
35 352
35 370
35 373
35 384
35 386
35 400
35 414
35 422
35 432
35 434
35 436
35 438
35 463
35 476
36 36
36 63
36 64
36 81
36 88
36 89
36 100
36 128
36 176
36 177
36 186
36 188
36 198
36 218
36 220
36 225
36 231
36 236
36 239
36 262
36 279
36 292
36 331
36 333
36 338
36 342
36 346
36 360
36 361
36 363
36 368
36 372
36 381
36 440
36 450
36 481
36 488
36 492
37 37
37 39
37 68
37 93
37 101
37 104
37 111
37 115
37 132
37 136
37 152
37 155
37 156
37 179
37 200
37 212
37 232
37 238
37 240
37 246
37 272
37 281
37 297
37 335
37 349
37 358
37 375
37 376
37 379
37 419
37 421
37 485
37 493
38 38
38 44
38 55
38 64
38 82
38 88
38 89
38 132
38 138
38 174
38 191
38 199
38 220
38 231
38 243
38 257
38 274
38 299
38 326
38 333
38 335
38 337
38 372
38 392
38 393
38 395
38 407
38 409
38 441
38 444
38 455
38 460
38 469
38 471
38 477
38 489
39 39
39 55
39 68
39 93
39 101
39 104
39 111
39 115
39 132
39 155
39 156
39 179
39 200
39 212
39 232
39 238
39 240
39 257
39 272
39 281
39 335
39 349
39 358
39 375
39 379
39 393
39 395
39 409
39 419
39 485
39 493
40 40
40 56
40 65
40 106
40 110
40 116
40 118
40 126
40 139
40 164
40 194
40 209
40 210
40 226
40 251
40 269
40 308
40 329
40 378
40 380
40 388
40 399
40 418
40 427
40 430
40 447
40 452
40 454
40 458
40 467
40 468
40 486
40 487
40 490
40 495
41 41
41 45
41 51
41 57
41 62
41 67
41 75
41 83
41 85
41 87
41 92
41 96
41 107
41 117
41 122
41 130
41 133
41 145
41 161
41 166
41 170
41 172
41 180
41 189
41 192
41 195
41 197
41 213
41 234
41 237
41 241
41 248
41 250
41 256
41 267
41 270
41 273
41 285
41 291
41 303
41 309
41 317
41 318
41 319
41 320
41 321
41 339
41 345
41 348
41 352
41 354
41 370
41 373
41 374
41 384
41 386
41 414
41 422
41 432
41 434
41 436
41 438
41 463
41 473
42 42
42 46
42 49
42 69
42 95
42 103
42 108
42 114
42 134
42 137
42 141
42 160
42 169
42 181
42 182
42 184
42 206
42 223
42 233
42 242
42 245
42 261
42 269
42 271
42 276
42 301
42 312
42 344
42 357
42 364
42 366
42 369
42 383
42 390
42 420
42 423
42 426
42 430
42 433
42 446
42 447
42 462
42 478
43 43
43 53
43 59
43 71
43 98
43 105
43 119
43 123
43 147
43 150
43 171
43 173
43 185
43 202
43 205
43 214
43 217
43 244
43 259
43 263
43 265
43 280
43 296
43 300
43 315
43 340
43 356
43 359
43 365
43 396
43 397
43 406
43 413
43 415
43 435
43 445
43 449
43 457
43 466
43 491
43 494
43 496
44 44
44 63
44 64
44 82
44 88
44 89
44 138
44 174
44 176
44 191
44 199
44 220
44 231
44 236
44 243
44 257
44 274
44 292
44 299
44 326
44 333
44 337
44 372
44 392
44 407
44 409
44 440
44 441
44 444
44 450
44 455
44 460
44 469
44 471
44 477
44 489
45 45
45 67
45 75
45 77
45 83
45 87
45 92
45 107
45 112
45 122
45 133
45 145
45 146
45 153
45 161
45 166
45 170
45 178
45 180
45 189
45 190
45 192
45 195
45 216
45 234
45 237
45 247
45 248
45 250
45 266
45 267
45 284
45 285
45 291
45 304
45 318
45 319
45 320
45 321
45 324
45 330
45 345
45 348
45 354
45 373
45 374
45 384
45 394
45 414
45 422
45 429
45 459
45 463
45 473
46 46
46 65
46 106
46 110
46 116
46 126
46 160
46 169
46 194
46 201
46 206
46 269
46 276
46 366
46 418
46 430
46 447
46 452
46 490
46 495
47 47
47 66
47 80
47 135
47 151
47 204
47 230
47 249
47 254
47 277
47 286
47 295
47 316
47 336
47 351
47 377
47 382
47 412
47 439
47 442
47 458
49 49
49 50
49 95
49 103
49 106
49 108
49 114
49 141
49 160
49 169
49 181
49 182
49 184
49 204
49 206
49 230
49 233
49 242
49 245
49 249
49 261
49 269
49 271
49 277
49 286
49 288
49 312
49 344
49 357
49 364
49 366
49 369
49 383
49 390
49 412
49 420
49 423
49 426
49 430
49 433
49 451
49 462
50 50
50 69
50 73
50 95
50 99
50 103
50 108
50 134
50 141
50 181
50 184
50 230
50 233
50 235
50 242
50 245
50 261
50 271
50 288
50 301
50 312
50 344
50 350
50 357
50 364
50 369
50 371
50 383
50 404
50 423
50 425
50 426
50 433
50 446
50 451
50 462
50 464
50 480
50 484
51 51
51 54
51 57
51 62
51 83
51 85
51 87
51 96
51 102
51 117
51 122
51 124
51 125
51 129
51 130
51 133
51 144
51 149
51 166
51 167
51 168
51 170
51 172
51 180
51 189
51 192
51 197
51 208
51 213
51 221
51 223
51 224
51 227
51 237
51 241
51 248
51 250
51 255
51 256
51 258
51 270
51 273
51 291
51 303
51 309
51 313
51 317
51 318
51 319
51 325
51 328
51 339
51 345
51 348
51 352
51 353
51 370
51 384
51 386
51 391
51 400
51 402
51 417
51 422
51 424
51 432
51 434
51 436
51 438
51 456
51 463
51 476
51 478
51 483
51 498
52 52
52 58
52 67
52 76
52 77
52 107
52 109
52 112
52 146
52 153
52 154
52 158
52 178
52 183
52 190
52 195
52 215
52 216
52 247
52 266
52 284
52 304
52 320
52 324
52 330
52 347
52 354
52 355
52 362
52 374
52 385
52 387
52 389
52 394
52 405
52 429
52 448
52 459
52 473
53 53
53 59
53 72
53 79
53 84
53 91
53 98
53 105
53 128
53 143
53 150
53 159
53 171
53 173
53 175
53 185
53 187
53 193
53 203
53 205
53 217
53 219
53 228
53 244
53 252
53 259
53 263
53 265
53 268
53 282
53 289
53 293
53 296
53 300
53 306
53 307
53 327
53 332
53 340
53 356
53 359
53 365
53 397
53 406
53 408
53 413
53 431
53 445
53 449
53 474
53 494
53 496
53 497
53 499
54 54
54 57
54 62
54 69
54 85
54 96
54 102
54 108
54 117
54 124
54 125
54 129
54 130
54 134
54 137
54 141
54 144
54 149
54 167
54 168
54 172
54 181
54 184
54 197
54 208
54 213
54 221
54 223
54 227
54 233
54 235
54 241
54 255
54 256
54 258
54 261
54 270
54 273
54 301
54 303
54 309
54 313
54 317
54 325
54 328
54 339
54 350
54 352
54 353
54 364
54 370
54 386
54 391
54 400
54 402
54 417
54 424
54 426
54 432
54 434
54 436
54 438
54 446
54 456
54 464
54 476
54 478
54 480
54 483
54 498
55 55
55 82
55 93
55 101
55 132
55 155
55 156
55 174
55 199
55 200
55 240
55 243
55 257
55 272
55 274
55 299
55 326
55 335
55 337
55 358
55 392
55 393
55 395
55 409
55 419
55 441
55 444
55 460
55 469
55 471
55 477
55 485
56 56
56 80
56 86
56 90
56 118
56 139
56 164
56 194
56 209
56 210
56 222
56 226
56 251
56 278
56 294
56 308
56 329
56 367
56 378
56 380
56 388
56 399
56 427
56 443
56 452
56 454
56 458
56 467
56 468
56 486
56 487
56 495
57 57
57 62
57 83
57 85
57 87
57 96
57 102
57 117
57 122
57 124
57 129
57 130
57 133
57 144
57 145
57 149
57 166
57 167
57 168
57 170
57 172
57 180
57 189
57 192
57 197
57 208
57 213
57 221
57 224
57 227
57 237
57 241
57 248
57 250
57 255
57 256
57 267
57 270
57 273
57 291
57 303
57 309
57 313
57 317
57 318
57 319
57 321
57 328
57 339
57 345
57 348
57 352
57 353
57 370
57 373
57 384
57 386
57 391
57 400
57 402
57 417
57 422
57 424
57 432
57 434
57 436
57 438
57 456
57 463
57 476
57 483
57 498
58 58
58 76
58 109
58 154
58 158
58 183
58 190
58 215
58 347
58 355
58 362
58 385
58 387
58 389
58 405
58 448
59 59
59 71
59 72
59 79
59 98
59 105
59 119
59 123
59 143
59 147
59 150
59 159
59 171
59 173
59 185
59 187
59 202
59 203
59 205
59 214
59 217
59 244
59 259
59 263
59 265
59 268
59 280
59 289
59 296
59 300
59 315
59 327
59 340
59 356
59 359
59 365
59 396
59 397
59 406
59 408
59 413
59 415
59 435
59 445
59 449
59 457
59 466
59 474
59 491
59 494
59 496
59 497
59 499
62 62
62 83
62 85
62 96
62 102
62 117
62 124
62 125
62 129
62 130
62 133
62 134
62 137
62 144
62 149
62 167
62 168
62 170
62 172
62 180
62 189
62 192
62 197
62 208
62 213
62 221
62 223
62 224
62 227
62 237
62 241
62 250
62 255
62 256
62 258
62 270
62 273
62 291
62 301
62 303
62 309
62 313
62 317
62 318
62 319
62 325
62 328
62 339
62 348
62 352
62 353
62 370
62 384
62 386
62 391
62 400
62 402
62 417
62 422
62 424
62 432
62 434
62 436
62 438
62 456
62 463
62 476
62 478
62 480
62 483
62 498
63 63
63 64
63 81
63 88
63 89
63 100
63 138
63 176
63 177
63 186
63 188
63 191
63 198
63 220
63 225
63 231
63 236
63 262
63 279
63 292
63 331
63 333
63 342
63 360
63 361
63 363
63 372
63 381
63 407
63 440
63 450
63 455
63 489
63 492
64 64
64 81
64 88
64 89
64 138
64 176
64 177
64 186
64 191
64 199
64 220
64 225
64 231
64 236
64 243
64 262
64 279
64 292
64 299
64 333
64 342
64 361
64 363
64 372
64 381
64 392
64 407
64 440
64 450
64 455
64 489
65 65
65 106
65 110
65 116
65 126
65 160
65 164
65 169
65 182
65 194
65 201
65 206
65 210
65 249
65 251
65 269
65 277
65 329
65 366
65 378
65 380
65 390
65 399
65 418
65 420
65 427
65 430
65 447
65 452
65 454
65 467
65 487
65 490
65 495
66 66
66 127
66 151
66 193
66 196
66 239
66 254
66 295
66 332
66 346
66 351
66 377
66 439
67 67
67 75
67 77
67 83
67 87
67 92
67 107
67 112
67 122
67 133
67 145
67 146
67 153
67 161
67 166
67 170
67 178
67 189
67 190
67 192
67 195
67 216
67 234
67 237
67 247
67 248
67 250
67 266
67 267
67 284
67 285
67 291
67 304
67 318
67 320
67 321
67 324
67 330
67 345
67 354
67 373
67 374
67 384
67 387
67 394
67 414
67 429
67 459
67 473
68 68
68 104
68 111
68 115
68 125
68 129
68 149
68 152
68 200
68 212
68 232
68 238
68 246
68 258
68 281
68 297
68 313
68 349
68 350
68 353
68 375
68 379
68 401
68 410
68 417
68 421
69 69
69 95
69 102
69 103
69 108
69 124
69 125
69 129
69 134
69 137
69 141
69 144
69 149
69 167
69 168
69 181
69 184
69 208
69 221
69 223
69 227
69 233
69 235
69 242
69 245
69 255
69 261
69 271
69 276
69 301
69 312
69 313
69 325
69 328
69 344
69 350
69 357
69 364
69 366
69 369
69 383
69 391
69 400
69 402
69 423
69 424
69 426
69 432
69 446
69 456
69 462
69 464
69 476
69 478
69 480
69 483
69 498
71 71
71 98
71 105
71 119
71 123
71 147
71 150
71 173
71 202
71 205
71 214
71 217
71 244
71 259
71 263
71 280
71 296
71 315
71 356
71 359
71 365
71 396
71 397
71 406
71 413
71 415
71 435
71 445
71 457
71 466
71 491
71 494
71 496
72 72
72 79
72 84
72 91
72 105
72 128
72 143
72 150
72 159
72 171
72 175
72 185
72 187
72 193
72 198
72 203
72 218
72 219
72 228
72 239
72 244
72 252
72 265
72 268
72 282
72 289
72 293
72 296
72 300
72 307
72 327
72 331
72 332
72 338
72 340
72 356
72 359
72 360
72 368
72 397
72 408
72 413
72 431
72 445
72 449
72 474
72 481
72 488
72 494
72 496
73 73
73 99
73 136
73 162
73 235
73 246
73 287
73 288
73 297
73 302
73 371
73 376
73 404
73 423
73 425
73 475
73 484
73 493
74 74
74 80
74 86
74 90
74 193
74 222
74 244
74 294
74 306
74 308
74 367
74 388
74 443
74 468
74 486
74 497
74 499
75 75
75 77
75 83
75 87
75 92
75 107
75 112
75 122
75 133
75 145
75 146
75 153
75 161
75 166
75 170
75 178
75 180
75 189
75 190
75 192
75 195
75 216
75 234
75 237
75 247
75 248
75 250
75 266
75 267
75 284
75 285
75 291
75 304
75 318
75 320
75 321
75 324
75 330
75 345
75 348
75 354
75 373
75 374
75 384
75 387
75 394
75 414
75 429
75 459
75 463
75 473
76 76
76 109
76 154
76 158
76 183
76 190
76 215
76 347
76 355
76 362
76 385
76 387
76 389
76 405
76 448
77 77
77 87
77 92
77 107
77 109
77 112
77 122
77 145
77 146
77 153
77 158
77 161
77 166
77 178
77 183
77 190
77 195
77 215
77 216
77 234
77 237
77 247
77 248
77 266
77 267
77 284
77 285
77 304
77 320
77 321
77 324
77 330
77 345
77 354
77 362
77 373
77 374
77 387
77 394
77 414
77 429
77 459
77 473
78 78
78 101
78 136
78 157
78 162
78 179
78 272
78 302
78 335
78 371
78 376
78 392
78 441
78 469
78 475
78 493
79 79
79 84
79 91
79 98
79 105
79 128
79 143
79 150
79 159
79 171
79 175
79 185
79 187
79 193
79 203
79 218
79 219
79 228
79 244
79 252
79 259
79 263
79 265
79 268
79 282
79 289
79 293
79 296
79 300
79 306
79 307
79 327
79 332
79 340
79 356
79 359
79 365
79 368
79 397
79 406
79 408
79 413
79 431
79 445
79 449
79 474
79 481
79 488
79 494
79 496
79 497
79 499
80 80
80 86
80 90
80 139
80 151
80 193
80 222
80 254
80 278
80 294
80 306
80 308
80 316
80 351
80 367
80 377
80 380
80 388
80 454
80 458
80 468
80 486
80 499
81 81
81 88
81 89
81 100
81 138
81 176
81 177
81 186
81 188
81 198
81 220
81 225
81 231
81 236
81 262
81 279
81 292
81 331
81 333
81 338
81 342
81 346
81 360
81 361
81 363
81 372
81 381
81 407
81 440
81 450
81 455
81 489
81 492
82 82
82 93
82 101
82 132
82 138
82 156
82 174
82 191
82 199
82 240
82 243
82 257
82 274
82 299
82 326
82 335
82 337
82 372
82 392
82 393
82 395
82 407
82 409
82 419
82 441
82 444
82 455
82 460
82 469
82 471
82 477
82 489
83 83
83 85
83 87
83 92
83 96
83 117
83 122
83 130
83 133
83 145
83 161
83 166
83 170
83 172
83 180
83 189
83 192
83 195
83 197
83 213
83 227
83 234
83 237
83 241
83 248
83 250
83 255
83 256
83 267
83 270
83 273
83 285
83 291
83 303
83 309
83 317
83 318
83 319
83 320
83 321
83 339
83 345
83 348
83 352
83 354
83 370
83 373
83 374
83 384
83 386
83 414
83 422
83 432
83 434
83 436
83 438
83 463
83 473
84 84
84 91
84 105
84 128
84 143
84 150
84 159
84 171
84 175
84 185
84 187
84 188
84 193
84 196
84 198
84 203
84 218
84 219
84 228
84 239
84 252
84 265
84 268
84 282
84 289
84 293
84 296
84 300
84 307
84 327
84 331
84 332
84 338
84 340
84 359
84 360
84 368
84 408
84 413
84 431
84 445
84 449
84 474
84 481
84 488
84 492
84 494
85 85
85 87
85 96
85 102
85 117
85 122
85 124
85 129
85 130
85 133
85 144
85 145
85 149
85 166
85 167
85 168
85 170
85 172
85 180
85 189
85 192
85 197
85 208
85 213
85 221
85 224
85 227
85 237
85 241
85 248
85 250
85 255
85 256
85 267
85 270
85 273
85 285
85 291
85 303
85 309
85 313
85 317
85 318
85 319
85 321
85 328
85 339
85 345
85 348
85 352
85 353
85 370
85 373
85 384
85 386
85 391
85 400
85 402
85 417
85 422
85 424
85 432
85 434
85 436
85 438
85 456
85 463
85 476
85 483
85 498
86 86
86 90
86 118
86 139
86 209
86 222
86 226
86 278
86 294
86 306
86 308
86 367
86 380
86 388
86 443
86 467
86 468
86 486
86 497
86 499
87 87
87 92
87 96
87 107
87 117
87 122
87 133
87 145
87 161
87 166
87 170
87 172
87 178
87 180
87 189
87 192
87 195
87 213
87 216
87 234
87 237
87 241
87 247
87 248
87 250
87 267
87 273
87 284
87 285
87 291
87 304
87 309
87 317
87 318
87 319
87 320
87 321
87 339
87 345
87 348
87 354
87 370
87 373
87 374
87 384
87 386
87 394
87 414
87 422
87 429
87 434
87 436
87 463
87 473
88 88
88 89
88 138
88 176
88 177
88 186
88 191
88 199
88 220
88 225
88 231
88 236
88 243
88 262
88 279
88 292
88 299
88 326
88 333
88 342
88 361
88 363
88 372
88 381
88 392
88 407
88 440
88 450
88 455
88 489
89 89
89 138
89 176
89 177
89 186
89 191
89 199
89 220
89 225
89 231
89 236
89 243
89 274
89 279
89 292
89 299
89 326
89 333
89 337
89 342
89 372
89 392
89 407
89 440
89 450
89 455
89 460
89 469
89 471
89 489
90 90
90 193
90 209
90 222
90 226
90 244
90 278
90 294
90 306
90 308
90 367
90 388
90 443
90 468
90 486
90 497
90 499
91 91
91 100
91 128
91 143
91 159
91 171
91 175
91 185
91 187
91 188
91 193
91 196
91 198
91 203
91 218
91 219
91 228
91 239
91 252
91 262
91 265
91 268
91 282
91 289
91 293
91 300
91 307
91 327
91 331
91 332
91 338
91 340
91 346
91 360
91 361
91 368
91 408
91 431
91 445
91 449
91 474
91 481
91 488
91 492
92 92
92 107
92 112
92 122
92 133
92 145
92 146
92 153
92 161
92 166
92 170
92 178
92 180
92 189
92 190
92 192
92 195
92 216
92 234
92 237
92 247
92 248
92 250
92 266
92 267
92 284
92 285
92 291
92 304
92 318
92 320
92 321
92 324
92 330
92 345
92 348
92 354
92 373
92 374
92 384
92 387
92 394
92 414
92 422
92 429
92 459
92 463
92 473
93 93
93 101
93 104
93 115
93 132
93 155
93 156
93 174
93 179
93 200
93 238
93 240
93 257
93 272
93 274
93 335
93 358
93 375
93 379
93 393
93 395
93 409
93 419
93 441
93 444
93 477
93 485
95 95
95 99
95 103
95 108
95 114
95 141
95 160
95 169
95 181
95 182
95 184
95 230
95 233
95 242
95 245
95 249
95 261
95 271
95 277
95 286
95 288
95 312
95 344
95 357
95 364
95 366
95 369
95 383
95 390
95 412
95 420
95 423
95 426
95 433
95 446
95 451
95 462
95 484
96 96
96 102
96 117
96 122
96 124
96 129
96 130
96 133
96 144
96 145
96 149
96 161
96 166
96 167
96 168
96 170
96 172
96 180
96 189
96 192
96 197
96 208
96 213
96 221
96 224
96 227
96 234
96 237
96 241
96 248
96 250
96 255
96 256
96 267
96 270
96 273
96 285
96 291
96 303
96 309
96 313
96 317
96 318
96 319
96 321
96 328
96 339
96 345
96 348
96 352
96 370
96 373
96 384
96 386
96 400
96 414
96 422
96 424
96 432
96 434
96 436
96 438
96 456
96 463
96 476
98 98
98 105
98 119
98 123
98 143
98 147
98 150
98 159
98 171
98 173
98 185
98 202
98 205
98 214
98 217
98 244
98 259
98 263
98 265
98 268
98 280
98 296
98 300
98 315
98 327
98 340
98 356
98 359
98 365
98 396
98 397
98 406
98 408
98 413
98 415
98 435
98 445
98 449
98 457
98 466
98 491
98 494
98 496
98 497
99 99
99 136
99 162
99 235
99 246
99 287
99 288
99 302
99 312
99 371
99 404
99 423
99 425
99 433
99 451
99 484
100 100
100 128
100 175
100 176
100 177
100 186
100 188
100 198
100 218
100 225
100 236
100 239
100 252
100 262
100 279
100 282
100 292
100 293
100 307
100 331
100 333
100 338
100 342
100 346
100 360
100 361
100 363
100 368
100 381
100 431
100 450
100 481
100 488
100 492
101 101
101 111
101 115
101 132
101 136
101 155
101 156
101 174
101 179
101 200
101 240
101 257
101 272
101 274
101 326
101 335
101 337
101 358
101 375
101 376
101 392
101 393
101 395
101 409
101 419
101 441
101 444
101 460
101 469
101 471
101 475
101 477
101 485
101 493
102 102
102 117
102 124
102 125
102 129
102 130
102 134
102 137
102 144
102 149
102 167
102 168
102 170
102 172
102 180
102 181
102 184
102 189
102 197
102 208
102 213
102 221
102 223
102 227
102 233
102 241
102 255
102 256
102 258
102 261
102 270
102 273
102 301
102 303
102 309
102 313
102 317
102 318
102 319
102 325
102 328
102 339
102 348
102 350
102 352
102 353
102 364
102 370
102 384
102 386
102 391
102 400
102 402
102 417
102 422
102 424
102 432
102 434
102 436
102 438
102 446
102 456
102 463
102 464
102 476
102 478
102 480
102 483
102 498
103 103
103 108
103 114
103 134
103 137
103 141
103 160
103 169
103 181
103 184
103 223
103 230
103 233
103 235
103 242
103 245
103 261
103 271
103 276
103 286
103 288
103 301
103 312
103 325
103 344
103 357
103 364
103 366
103 369
103 383
103 390
103 402
103 420
103 423
103 426
103 433
103 446
103 451
103 462
103 464
103 478
104 104
104 111
104 115
104 152
104 155
104 200
104 212
104 232
104 238
104 246
104 258
104 272
104 281
104 297
104 349
104 353
104 358
104 375
104 379
104 401
104 410
104 419
104 421
104 485
104 493
105 105
105 119
105 123
105 143
105 150
105 159
105 171
105 173
105 185
105 187
105 202
105 203
105 205
105 214
105 217
105 219
105 228
105 244
105 259
105 263
105 265
105 268
105 282
105 289
105 293
105 296
105 300
105 315
105 327
105 340
105 356
105 359
105 365
105 396
105 397
105 406
105 408
105 413
105 435
105 445
105 449
105 457
105 466
105 474
105 491
105 494
105 496
105 497
105 499
106 106
106 110
106 114
106 126
106 139
106 160
106 169
106 182
106 194
106 204
106 206
106 210
106 249
106 251
106 269
106 277
106 286
106 316
106 329
106 366
106 378
106 380
106 390
106 399
106 412
106 418
106 420
106 427
106 430
106 442
106 447
106 452
106 454
106 458
106 467
106 487
106 490
106 495
107 107
107 109
107 112
107 122
107 133
107 145
107 146
107 153
107 158
107 161
107 166
107 178
107 183
107 190
107 195
107 216
107 234
107 237
107 247
107 248
107 266
107 267
107 284
107 285
107 291
107 304
107 320
107 321
107 324
107 330
107 345
107 354
107 362
107 373
107 374
107 387
107 394
107 414
107 429
107 459
107 473
108 108
108 114
108 134
108 137
108 141
108 160
108 169
108 181
108 184
108 208
108 221
108 223
108 233
108 235
108 242
108 245
108 261
108 271
108 276
108 301
108 312
108 325
108 344
108 357
108 364
108 366
108 369
108 383
108 390
108 391
108 402
108 423
108 426
108 433
108 446
108 462
108 464
108 478
108 480
108 483
108 498
109 109
109 112
109 146
109 153
109 154
109 158
109 178
109 183
109 190
109 195
109 215
109 216
109 247
109 266
109 284
109 304
109 320
109 324
109 330
109 347
109 354
109 355
109 362
109 374
109 385
109 387
109 389
109 405
109 429
109 448
109 459
109 473
110 110
110 116
110 126
110 160
110 164
110 169
110 194
110 201
110 206
110 210
110 251
110 269
110 329
110 378
110 399
110 418
110 427
110 430
110 447
110 452
110 467
110 490
110 495
111 111
111 115
111 136
111 152
111 155
111 179
111 200
111 212
111 232
111 238
111 246
111 258
111 272
111 281
111 297
111 302
111 349
111 350
111 358
111 375
111 376
111 379
111 401
111 419
111 421
111 485
111 493
112 112
112 145
112 146
112 153
112 158
112 161
112 178
112 183
112 190
112 195
112 215
112 216
112 234
112 247
112 266
112 267
112 284
112 285
112 304
112 320
112 321
112 324
112 330
112 347
112 354
112 355
112 362
112 373
112 374
112 387
112 389
112 394
112 414
112 429
112 459
112 473
114 114
114 135
114 141
114 160
114 169
114 182
114 204
114 206
114 230
114 242
114 245
114 249
114 269
114 271
114 277
114 286
114 288
114 312
114 316
114 336
114 344
114 357
114 366
114 369
114 382
114 383
114 390
114 412
114 420
114 423
114 433
114 442
114 451
114 462
114 487
115 115
115 132
115 155
115 156
115 200
115 212
115 232
115 238
115 240
115 272
115 281
115 335
115 349
115 358
115 375
115 379
115 419
115 421
115 485
115 493
116 116
116 126
116 164
116 169
116 194
116 201
116 206
116 210
116 251
116 269
116 378
116 399
116 418
116 427
116 430
116 447
116 452
116 490
116 495
117 117
117 122
117 124
117 129
117 130
117 133
117 144
117 145
117 149
117 161
117 166
117 167
117 168
117 170
117 172
117 180
117 189
117 192
117 197
117 208
117 213
117 221
117 224
117 227
117 234
117 237
117 241
117 248
117 250
117 255
117 256
117 267
117 270
117 273
117 285
117 291
117 303
117 309
117 313
117 317
117 318
117 319
117 321
117 328
117 339
117 345
117 348
117 352
117 370
117 373
117 384
117 386
117 391
117 400
117 414
117 422
117 424
117 432
117 434
117 436
117 438
117 456
117 463
117 476
118 118
118 126
118 139
118 164
118 194
118 209
118 210
118 222
118 226
118 251
118 278
118 294
118 308
118 329
118 367
118 378
118 380
118 388
118 399
118 427
118 452
118 454
118 458
118 467
118 468
118 486
118 495
119 119
119 123
119 147
119 150
119 173
119 202
119 205
119 214
119 217
119 259
119 263
119 280
119 296
119 315
119 356
119 359
119 365
119 396
119 397
119 406
119 413
119 415
119 435
119 457
119 466
119 491
119 494
119 496
122 122
122 133
122 145
122 161
122 166
122 170
122 172
122 178
122 180
122 189
122 192
122 195
122 213
122 216
122 234
122 237
122 241
122 247
122 248
122 250
122 267
122 270
122 273
122 284
122 285
122 291
122 309
122 317
122 318
122 319
122 320
122 321
122 339
122 345
122 348
122 354
122 370
122 373
122 374
122 384
122 386
122 394
122 414
122 422
122 429
122 434
122 436
122 463
122 473
123 123
123 147
123 150
123 173
123 202
123 205
123 214
123 217
123 259
123 263
123 280
123 315
123 356
123 359
123 365
123 396
123 397
123 406
123 413
123 415
123 435
123 457
123 466
123 491
123 494
123 496
124 124
124 125
124 129
124 130
124 134
124 137
124 144
124 149
124 167
124 168
124 172
124 180
124 181
124 184
124 197
124 208
124 213
124 221
124 223
124 227
124 233
124 241
124 255
124 256
124 258
124 261
124 270
124 273
124 301
124 303
124 309
124 313
124 317
124 319
124 325
124 328
124 339
124 348
124 350
124 352
124 353
124 364
124 370
124 386
124 391
124 400
124 401
124 402
124 417
124 422
124 424
124 426
124 432
124 434
124 436
124 438
124 446
124 456
124 464
124 476
124 478
124 480
124 483
124 498
125 125
125 129
125 130
125 134
125 137
125 144
125 149
125 152
125 167
125 168
125 181
125 184
125 197
125 208
125 212
125 221
125 223
125 227
125 232
125 233
125 235
125 255
125 256
125 258
125 261
125 270
125 273
125 297
125 301
125 303
125 313
125 317
125 325
125 328
125 339
125 349
125 350
125 352
125 353
125 364
125 370
125 391
125 400
125 401
125 402
125 417
125 421
125 424
125 432
125 436
125 438
125 446
125 456
125 464
125 476
125 478
125 480
125 483
125 498
126 126
126 164
126 194
126 201
126 206
126 209
126 210
126 251
126 269
126 329
126 378
126 380
126 399
126 418
126 427
126 430
126 447
126 452
126 467
126 490
126 495
127 127
127 142
127 196
127 239
127 254
127 295
127 332
127 346
127 351
127 363
127 398
127 439
128 128
128 143
128 159
128 171
128 175
128 185
128 187
128 188
128 196
128 198
128 203
128 218
128 219
128 225
128 228
128 239
128 252
128 262
128 268
128 282
128 289
128 293
128 307
128 327
128 331
128 332
128 338
128 346
128 360
128 361
128 368
128 381
128 408
128 431
128 474
128 481
128 488
128 492
129 129
129 130
129 134
129 137
129 144
129 149
129 152
129 167
129 168
129 172
129 197
129 208
129 213
129 221
129 223
129 227
129 232
129 235
129 241
129 255
129 256
129 258
129 261
129 270
129 273
129 297
129 301
129 303
129 309
129 313
129 317
129 319
129 325
129 328
129 339
129 349
129 350
129 352
129 353
129 370
129 386
129 391
129 400
129 401
129 402
129 417
129 421
129 422
129 424
129 432
129 434
129 436
129 438
129 446
129 456
129 464
129 476
129 478
129 480
129 483
129 498
130 130
130 133
130 134
130 137
130 144
130 149
130 167
130 168
130 170
130 172
130 180
130 189
130 192
130 197
130 208
130 213
130 221
130 223
130 224
130 227
130 237
130 241
130 248
130 250
130 255
130 256
130 258
130 270
130 273
130 291
130 303
130 309
130 313
130 317
130 318
130 319
130 325
130 328
130 339
130 345
130 348
130 352
130 353
130 370
130 384
130 386
130 391
130 400
130 402
130 417
130 422
130 424
130 432
130 434
130 436
130 438
130 456
130 463
130 476
130 478
130 480
130 483
130 498
131 131
131 201
131 224
132 132
132 155
132 156
132 174
132 200
132 240
132 243
132 257
132 272
132 274
132 326
132 335
132 337
132 358
132 393
132 395
132 409
132 419
132 441
132 444
132 460
132 471
132 477
132 485
133 133
133 145
133 161
133 166
133 170
133 172
133 178
133 180
133 189
133 192
133 195
133 197
133 213
133 234
133 237
133 241
133 248
133 250
133 256
133 267
133 270
133 273
133 285
133 291
133 303
133 309
133 317
133 318
133 319
133 320
133 321
133 339
133 345
133 348
133 352
133 354
133 370
133 373
133 374
133 384
133 386
133 414
133 422
133 432
133 434
133 436
133 438
133 463
133 473
134 134
134 137
134 141
134 144
134 149
134 167
134 168
134 181
134 184
134 197
134 208
134 221
134 223
134 227
134 233
134 235
134 242
134 245
134 255
134 256
134 261
134 271
134 276
134 301
134 303
134 312
134 313
134 325
134 328
134 344
134 350
134 352
134 353
134 364
134 369
134 383
134 391
134 400
134 402
134 417
134 423
134 424
134 426
134 432
134 438
134 446
134 456
134 462
134 464
134 476
134 478
134 480
134 483
134 498
135 135
135 151
135 182
135 204
135 230
135 249
135 254
135 277
135 286
135 295
135 316
135 336
135 382
135 390
135 412
135 425
135 433
135 439
135 442
135 451
136 136
136 155
136 162
136 179
136 246
136 272
136 287
136 297
136 302
136 349
136 371
136 375
136 376
136 404
136 475
136 484
136 493
137 137
137 141
137 144
137 149
137 167
137 168
137 181
137 184
137 197
137 208
137 221
137 223
137 227
137 233
137 235
137 242
137 245
137 255
137 256
137 261
137 270
137 276
137 301
137 303
137 313
137 325
137 328
137 344
137 350
137 352
137 353
137 364
137 369
137 370
137 391
137 400
137 402
137 417
137 424
137 426
137 432
137 438
137 446
137 456
137 462
137 464
137 476
137 478
137 480
137 483
137 498
138 138
138 176
138 177
138 191
138 199
138 220
138 231
138 236
138 243
138 274
138 279
138 292
138 299
138 326
138 333
138 337
138 342
138 372
138 392
138 407
138 440
138 450
138 455
138 460
138 469
138 471
138 477
138 489
139 139
139 151
139 164
139 209
139 210
139 222
139 226
139 251
139 278
139 294
139 308
139 316
139 329
139 367
139 378
139 380
139 388
139 399
139 427
139 452
139 454
139 458
139 467
139 468
139 486
139 487
139 495
141 141
141 160
141 169
141 181
141 184
141 208
141 221
141 223
141 233
141 235
141 242
141 245
141 261
141 271
141 276
141 288
141 301
141 312
141 325
141 344
141 357
141 364
141 366
141 369
141 383
141 390
141 391
141 402
141 423
141 426
141 433
141 446
141 462
141 464
141 478
141 480
141 483
141 498
142 142
142 157
142 162
142 287
142 346
142 363
142 398
142 440
143 143
143 150
143 159
143 171
143 173
143 175
143 185
143 187
143 193
143 203
143 205
143 217
143 218
143 219
143 228
143 244
143 252
143 259
143 263
143 265
143 268
143 282
143 289
143 293
143 296
143 300
143 306
143 307
143 327
143 332
143 340
143 356
143 359
143 365
143 397
143 406
143 408
143 413
143 431
143 445
143 449
143 474
143 494
143 496
143 497
143 499
144 144
144 149
144 167
144 168
144 172
144 181
144 184
144 197
144 208
144 213
144 221
144 223
144 227
144 233
144 235
144 241
144 255
144 256
144 258
144 261
144 270
144 273
144 301
144 303
144 309
144 313
144 317
144 319
144 325
144 328
144 339
144 350
144 352
144 353
144 364
144 370
144 386
144 391
144 400
144 401
144 402
144 417
144 424
144 426
144 432
144 434
144 436
144 438
144 446
144 456
144 464
144 476
144 478
144 480
144 483
144 498
145 145
145 153
145 161
145 166
145 170
145 172
145 178
145 180
145 189
145 192
145 195
145 213
145 216
145 234
145 237
145 241
145 247
145 248
145 250
145 267
145 284
145 285
145 291
145 304
145 309
145 318
145 319
145 320
145 321
145 345
145 348
145 354
145 373
145 374
145 384
145 386
145 394
145 414
145 422
145 429
145 434
145 463
145 473
146 146
146 153
146 154
146 158
146 161
146 178
146 183
146 190
146 195
146 215
146 216
146 234
146 247
146 266
146 284
146 285
146 304
146 320
146 324
146 330
146 347
146 354
146 355
146 362
146 374
146 387
146 389
146 394
146 414
146 429
146 459
146 473
147 147
147 173
147 202
147 205
147 214
147 217
147 259
147 263
147 280
147 315
147 356
147 359
147 365
147 396
147 397
147 406
147 413
147 415
147 435
147 457
147 466
147 491
147 496
149 149
149 152
149 167
149 168
149 172
149 197
149 208
149 212
149 213
149 221
149 223
149 227
149 232
149 235
149 241
149 255
149 256
149 258
149 270
149 273
149 281
149 297
149 301
149 303
149 309
149 313
149 317
149 319
149 325
149 328
149 339
149 349
149 350
149 352
149 353
149 370
149 386
149 391
149 400
149 401
149 402
149 417
149 421
149 424
149 432
149 434
149 436
149 438
149 456
149 464
149 476
149 478
149 480
149 483
149 498
150 150
150 159
150 171
150 173
150 185
150 187
150 202
150 203
150 205
150 214
150 217
150 219
150 228
150 244
150 259
150 263
150 265
150 268
150 280
150 289
150 296
150 300
150 315
150 327
150 340
150 356
150 359
150 365
150 396
150 397
150 406
150 408
150 413
150 415
150 435
150 445
150 449
150 457
150 466
150 474
150 491
150 494
150 496
150 497
150 499
151 151
151 204
151 249
151 254
151 277
151 278
151 294
151 295
151 316
151 329
151 351
151 367
151 377
151 380
151 412
151 439
151 442
151 454
151 458
151 468
151 487
152 152
152 212
152 232
152 235
152 238
152 246
152 258
152 281
152 297
152 313
152 349
152 350
152 353
152 375
152 379
152 401
152 404
152 417
152 421
152 424
152 464
152 480
152 493
153 153
153 158
153 161
153 178
153 183
153 190
153 195
153 215
153 216
153 234
153 247
153 266
153 267
153 284
153 285
153 304
153 320
153 321
153 324
153 330
153 347
153 354
153 355
153 362
153 374
153 387
153 389
153 394
153 414
153 429
153 459
153 473
154 154
154 158
154 183
154 190
154 215
154 324
154 347
154 355
154 362
154 385
154 387
154 389
154 405
154 448
154 459
155 155
155 156
155 179
155 200
155 212
155 232
155 238
155 240
155 246
155 257
155 272
155 281
155 335
155 349
155 358
155 375
155 376
155 379
155 393
155 395
155 409
155 419
155 441
155 485
155 493
156 156
156 174
156 200
156 240
156 243
156 257
156 272
156 274
156 326
156 335
156 337
156 358
156 393
156 395
156 409
156 419
156 441
156 444
156 460
156 471
156 477
156 485
157 157
157 162
157 287
157 363
157 398
157 440
157 475
158 158
158 178
158 183
158 190
158 195
158 215
158 216
158 247
158 266
158 284
158 304
158 320
158 324
158 330
158 347
158 354
158 355
158 362
158 385
158 387
158 389
158 405
158 429
158 448
158 459
159 159
159 171
159 173
159 175
159 185
159 187
159 193
159 203
159 205
159 218
159 219
159 228
159 244
159 252
159 259
159 263
159 265
159 268
159 282
159 289
159 293
159 296
159 300
159 306
159 307
159 327
159 332
159 340
159 356
159 359
159 365
159 368
159 397
159 406
159 408
159 413
159 431
159 445
159 449
159 474
159 488
159 494
159 496
159 497
159 499
160 160
160 169
160 182
160 184
160 206
160 242
160 245
160 249
160 269
160 271
160 276
160 277
160 286
160 312
160 344
160 357
160 364
160 366
160 369
160 383
160 390
160 418
160 420
160 426
160 430
160 433
160 447
160 462
160 487
160 490
161 161
161 166
161 170
161 172
161 178
161 180
161 189
161 192
161 195
161 216
161 234
161 237
161 247
161 248
161 250
161 266
161 267
161 284
161 285
161 291
161 304
161 309
161 318
161 319
161 320
161 321
161 330
161 345
161 348
161 354
161 373
161 374
161 384
161 394
161 414
161 422
161 429
161 459
161 463
161 473
162 162
162 179
162 287
162 302
162 371
162 376
162 398
162 425
162 475
162 484
164 164
164 194
164 209
164 210
164 226
164 251
164 308
164 329
164 378
164 380
164 388
164 399
164 418
164 427
164 447
164 452
164 467
164 468
164 486
164 490
164 495
166 166
166 170
166 172
166 178
166 180
166 189
166 192
166 195
166 213
166 216
166 234
166 237
166 241
166 247
166 248
166 250
166 267
166 273
166 284
166 285
166 291
166 304
166 309
166 317
166 318
166 319
166 320
166 321
166 339
166 345
166 348
166 354
166 373
166 374
166 384
166 386
166 394
166 414
166 422
166 429
166 434
166 436
166 463
166 473
167 167
167 168
167 172
167 181
167 184
167 197
167 208
167 213
167 221
167 223
167 227
167 233
167 241
167 255
167 256
167 258
167 261
167 270
167 273
167 301
167 303
167 309
167 313
167 317
167 319
167 325
167 328
167 339
167 350
167 352
167 353
167 364
167 370
167 386
167 391
167 400
167 401
167 402
167 417
167 422
167 424
167 426
167 432
167 434
167 436
167 438
167 446
167 456
167 464
167 476
167 478
167 480
167 483
167 498
168 168
168 172
168 180
168 181
168 184
168 197
168 208
168 213
168 221
168 223
168 227
168 233
168 241
168 255
168 256
168 258
168 261
168 270
168 273
168 301
168 303
168 309
168 313
168 317
168 319
168 325
168 328
168 339
168 348
168 350
168 352
168 353
168 364
168 370
168 386
168 391
168 400
168 401
168 402
168 417
168 422
168 424
168 426
168 432
168 434
168 436
168 438
168 446
168 456
168 463
168 464
168 476
168 478
168 480
168 483
168 498
169 169
169 182
169 201
169 206
169 242
169 245
169 249
169 269
169 271
169 276
169 312
169 329
169 344
169 357
169 366
169 369
169 383
169 390
169 418
169 420
169 430
169 447
169 452
169 462
169 487
169 490
170 170
170 172
170 180
170 189
170 192
170 197
170 213
170 224
170 227
170 234
170 237
170 241
170 248
170 250
170 255
170 256
170 267
170 270
170 273
170 285
170 291
170 303
170 309
170 317
170 318
170 319
170 321
170 339
170 345
170 348
170 352
170 370
170 373
170 384
170 386
170 400
170 414
170 422
170 432
170 434
170 436
170 438
170 463
170 476
171 171
171 173
171 175
171 185
171 187
171 193
171 203
171 205
171 217
171 219
171 228
171 244
171 252
171 259
171 263
171 265
171 268
171 282
171 289
171 293
171 296
171 300
171 306
171 307
171 327
171 332
171 340
171 356
171 359
171 365
171 397
171 406
171 408
171 413
171 431
171 435
171 445
171 449
171 474
171 494
171 496
171 497
171 499
172 172
172 180
172 189
172 192
172 197
172 208
172 213
172 221
172 224
172 227
172 234
172 237
172 241
172 248
172 250
172 255
172 256
172 267
172 270
172 273
172 285
172 291
172 303
172 309
172 313
172 317
172 318
172 319
172 321
172 328
172 339
172 345
172 348
172 352
172 370
172 373
172 384
172 386
172 400
172 414
172 422
172 424
172 432
172 434
172 436
172 438
172 456
172 463
172 476
173 173
173 185
173 202
173 205
173 214
173 217
173 244
173 259
173 263
173 265
173 280
173 296
173 300
173 315
173 340
173 356
173 359
173 365
173 396
173 397
173 406
173 413
173 415
173 435
173 445
173 449
173 457
173 466
173 491
173 494
173 496
173 497
174 174
174 191
174 199
174 240
174 243
174 257
174 274
174 299
174 326
174 335
174 337
174 358
174 392
174 393
174 395
174 409
174 419
174 441
174 444
174 460
174 469
174 471
174 477
174 485
174 489
175 175
175 185
175 187
175 188
175 193
175 196
175 198
175 203
175 218
175 219
175 228
175 239
175 252
175 262
175 265
175 268
175 282
175 289
175 293
175 300
175 307
175 327
175 331
175 332
175 338
175 340
175 346
175 360
175 361
175 368
175 381
175 408
175 431
175 449
175 474
175 481
175 488
175 492
176 176
176 177
176 186
176 188
176 191
176 220
176 225
176 231
176 236
176 262
176 279
176 292
176 331
176 333
176 342
176 360
176 361
176 363
176 372
176 381
176 407
176 440
176 450
176 455
176 489
176 492
177 177
177 186
177 188
177 198
177 220
177 225
177 231
177 236
177 262
177 279
177 292
177 331
177 333
177 338
177 342
177 346
177 360
177 361
177 363
177 372
177 381
177 407
177 440
177 450
177 455
177 481
177 492
178 178
178 183
178 190
178 195
178 216
178 234
178 237
178 247
178 248
178 266
178 267
178 284
178 285
178 291
178 304
178 320
178 321
178 324
178 330
178 345
178 354
178 362
178 373
178 374
178 387
178 394
178 414
178 429
178 459
178 473
179 179
179 200
179 246
179 272
179 302
179 335
179 358
179 375
179 376
179 392
179 419
179 441
179 469
179 475
179 485
179 493
180 180
180 189
180 192
180 197
180 213
180 224
180 227
180 234
180 237
180 241
180 248
180 250
180 255
180 256
180 267
180 270
180 273
180 285
180 291
180 303
180 309
180 317
180 318
180 319
180 321
180 328
180 339
180 345
180 348
180 352
180 370
180 373
180 384
180 386
180 400
180 414
180 422
180 424
180 432
180 434
180 436
180 438
180 463
180 476
181 181
181 184
181 208
181 221
181 223
181 233
181 235
181 242
181 245
181 255
181 261
181 271
181 276
181 301
181 312
181 313
181 325
181 328
181 344
181 350
181 357
181 364
181 366
181 369
181 383
181 391
181 400
181 402
181 423
181 424
181 426
181 446
181 456
181 462
181 464
181 476
181 478
181 480
181 483
181 498
182 182
182 204
182 206
182 210
182 230
182 242
182 245
182 249
182 269
182 271
182 277
182 286
182 312
182 316
182 329
182 336
182 357
182 366
182 383
182 390
182 412
182 420
182 430
182 433
182 442
182 447
182 451
182 454
182 458
182 487
182 490
183 183
183 190
183 215
183 216
183 247
183 266
183 284
183 304
183 324
183 330
183 347
183 355
183 362
183 385
183 387
183 389
183 405
183 429
183 448
183 459
184 184
184 208
184 221
184 223
184 233
184 235
184 242
184 245
184 261
184 271
184 276
184 301
184 312
184 325
184 328
184 344
184 357
184 364
184 366
184 369
184 383
184 391
184 400
184 402
184 423
184 424
184 426
184 446
184 456
184 462
184 464
184 478
184 480
184 483
184 498
185 185
185 187
185 193
185 203
185 205
185 217
185 218
185 219
185 228
185 244
185 252
185 259
185 263
185 265
185 268
185 282
185 289
185 293
185 296
185 300
185 306
185 307
185 327
185 332
185 340
185 356
185 359
185 365
185 397
185 406
185 408
185 413
185 431
185 445
185 449
185 474
185 494
185 496
185 497
185 499
186 186
186 188
186 198
186 218
186 220
186 225
186 231
186 236
186 239
186 262
186 279
186 292
186 331
186 333
186 338
186 342
186 346
186 360
186 361
186 363
186 368
186 372
186 381
186 440
186 450
186 455
186 481
186 488
186 492
187 187
187 188
187 193
187 198
187 203
187 218
187 219
187 228
187 239
187 252
187 265
187 268
187 282
187 289
187 293
187 296
187 300
187 307
187 327
187 331
187 332
187 338
187 340
187 356
187 359
187 360
187 368
187 397
187 408
187 413
187 431
187 445
187 449
187 474
187 481
187 488
187 494
187 496
188 188
188 198
188 218
188 219
188 225
188 228
188 239
188 252
188 262
188 279
188 282
188 293
188 307
188 331
188 332
188 338
188 342
188 346
188 360
188 361
188 363
188 368
188 381
188 431
188 474
188 481
188 488
188 492
189 189
189 192
189 197
189 213
189 224
189 227
189 234
189 237
189 241
189 248
189 250
189 255
189 256
189 267
189 270
189 273
189 285
189 291
189 303
189 309
189 317
189 318
189 319
189 321
189 339
189 345
189 348
189 352
189 370
189 373
189 384
189 386
189 400
189 414
189 422
189 432
189 434
189 436
189 438
189 463
189 473
189 476
190 190
190 195
190 215
190 216
190 247
190 266
190 284
190 304
190 320
190 324
190 330
190 347
190 354
190 355
190 362
190 374
190 387
190 389
190 394
190 405
190 429
190 448
190 459
190 473
191 191
191 199
191 220
191 231
191 236
191 243
191 257
191 274
191 292
191 299
191 326
191 333
191 335
191 337
191 372
191 392
191 393
191 407
191 409
191 440
191 441
191 444
191 450
191 455
191 460
191 469
191 471
191 477
191 489
192 192
192 197
192 213
192 224
192 227
192 234
192 237
192 241
192 248
192 250
192 255
192 256
192 267
192 270
192 273
192 285
192 291
192 303
192 309
192 317
192 318
192 319
192 320
192 321
192 339
192 345
192 348
192 352
192 354
192 370
192 373
192 374
192 384
192 386
192 414
192 422
192 432
192 434
192 436
192 438
192 463
192 473
192 476
193 193
193 196
193 203
193 219
193 222
193 228
193 244
193 265
193 268
193 282
193 289
193 293
193 294
193 306
193 307
193 327
193 332
193 340
193 351
193 367
193 377
193 408
193 439
193 449
193 474
193 497
193 499
194 194
194 201
194 206
194 209
194 210
194 226
194 251
194 269
194 329
194 378
194 380
194 399
194 418
194 427
194 430
194 447
194 452
194 467
194 490
194 495
195 195
195 216
195 234
195 237
195 247
195 248
195 266
195 267
195 284
195 285
195 291
195 304
195 320
195 321
195 324
195 330
195 345
195 354
195 362
195 373
195 374
195 387
195 394
195 414
195 429
195 459
195 473
196 196
196 198
196 218
196 219
196 228
196 239
196 252
196 254
196 282
196 293
196 295
196 307
196 332
196 338
196 346
196 351
196 368
196 377
196 431
196 439
196 474
196 481
196 488
197 197
197 208
197 213
197 221
197 223
197 224
197 227
197 241
197 250
197 255
197 256
197 258
197 270
197 273
197 291
197 301
197 303
197 309
197 313
197 317
197 318
197 319
197 325
197 328
197 339
197 348
197 352
197 353
197 370
197 384
197 386
197 391
197 400
197 402
197 417
197 422
197 424
197 432
197 434
197 436
197 438
197 456
197 463
197 476
197 478
197 480
197 483
197 498
198 198
198 203
198 218
198 219
198 225
198 228
198 239
198 252
198 262
198 279
198 282
198 289
198 293
198 307
198 331
198 332
198 338
198 342
198 346
198 360
198 361
198 363
198 368
198 381
198 431
198 474
198 481
198 488
198 492
199 199
199 220
199 231
199 243
199 257
199 274
199 292
199 299
199 326
199 333
199 335
199 337
199 372
199 392
199 393
199 395
199 407
199 409
199 441
199 444
199 455
199 460
199 469
199 471
199 477
199 489
200 200
200 212
200 232
200 238
200 240
200 272
200 281
200 335
200 349
200 358
200 375
200 379
200 395
200 419
200 485
200 493
201 201
201 206
201 276
201 418
201 430
201 447
201 452
201 490
202 202
202 205
202 214
202 217
202 244
202 259
202 263
202 265
202 280
202 296
202 300
202 315
202 340
202 356
202 359
202 365
202 396
202 397
202 406
202 413
202 415
202 435
202 445
202 449
202 457
202 466
202 491
202 494
202 496
203 203
203 218
203 219
203 228
203 239
203 244
203 252
203 265
203 268
203 282
203 289
203 293
203 296
203 300
203 307
203 327
203 331
203 332
203 338
203 340
203 356
203 359
203 360
203 365
203 368
203 397
203 408
203 413
203 431
203 445
203 449
203 474
203 481
203 488
203 494
203 496
204 204
204 230
204 249
204 254
204 277
204 286
204 295
204 316
204 336
204 382
204 390
204 412
204 420
204 433
204 442
204 451
204 454
204 487
205 205
205 214
205 217
205 244
205 259
205 263
205 265
205 280
205 296
205 300
205 315
205 340
205 356
205 359
205 365
205 396
205 397
205 406
205 413
205 415
205 435
205 445
205 449
205 457
205 466
205 491
205 494
205 496
206 206
206 210
206 242
206 245
206 249
206 251
206 269
206 271
206 276
206 277
206 286
206 329
206 357
206 366
206 383
206 390
206 399
206 418
206 420
206 430
206 447
206 452
206 454
206 487
206 490
206 495
208 208
208 213
208 221
208 223
208 227
208 233
208 235
208 241
208 255
208 256
208 258
208 261
208 270
208 273
208 301
208 303
208 313
208 317
208 325
208 328
208 339
208 350
208 352
208 353
208 364
208 370
208 386
208 391
208 400
208 402
208 417
208 424
208 426
208 432
208 434
208 436
208 438
208 446
208 456
208 462
208 464
208 476
208 478
208 480
208 483
208 498
209 209
209 210
209 222
209 226
209 251
209 278
209 294
209 308
209 329
209 367
209 378
209 380
209 388
209 399
209 427
209 443
209 452
209 454
209 458
209 467
209 468
209 486
209 495
210 210
210 226
210 249
210 251
210 269
210 278
210 316
210 329
210 378
210 380
210 388
210 399
210 418
210 427
210 430
210 447
210 452
210 454
210 458
210 467
210 468
210 486
210 487
210 490
210 495
211 211
212 212
212 232
212 238
212 246
212 258
212 272
212 281
212 297
212 349
212 350
212 353
212 358
212 375
212 379
212 401
212 410
212 417
212 421
212 485
212 493
213 213
213 221
213 224
213 227
213 234
213 237
213 241
213 248
213 250
213 255
213 256
213 267
213 270
213 273
213 285
213 291
213 303
213 309
213 313
213 317
213 318
213 319
213 321
213 328
213 339
213 345
213 348
213 352
213 353
213 370
213 373
213 384
213 386
213 391
213 400
213 414
213 422
213 424
213 432
213 434
213 436
213 438
213 456
213 463
213 476
213 498
214 214
214 217
214 244
214 259
214 263
214 280
214 296
214 300
214 315
214 340
214 356
214 359
214 365
214 396
214 397
214 406
214 413
214 415
214 435
214 445
214 449
214 457
214 466
214 491
214 494
214 496
215 215
215 247
215 266
215 284
215 304
215 324
215 330
215 347
215 355
215 362
215 385
215 387
215 389
215 405
215 429
215 448
215 459
216 216
216 234
216 237
216 247
216 248
216 266
216 267
216 284
216 285
216 291
216 304
216 320
216 321
216 324
216 330
216 345
216 354
216 362
216 373
216 374
216 387
216 394
216 414
216 429
216 459
216 473
217 217
217 244
217 259
217 263
217 265
217 280
217 296
217 300
217 315
217 340
217 356
217 359
217 365
217 396
217 397
217 406
217 413
217 415
217 435
217 445
217 449
217 457
217 466
217 491
217 494
217 496
218 218
218 219
218 225
218 228
218 239
218 252
218 262
218 268
218 282
218 289
218 293
218 307
218 327
218 331
218 332
218 338
218 346
218 360
218 361
218 368
218 381
218 408
218 431
218 474
218 481
218 488
218 492
219 219
219 228
219 239
219 252
219 265
219 268
219 282
219 289
219 293
219 296
219 300
219 307
219 327
219 331
219 332
219 338
219 340
219 360
219 368
219 408
219 431
219 445
219 449
219 474
219 481
219 488
219 492
219 494
220 220
220 225
220 231
220 236
220 243
220 279
220 292
220 299
220 326
220 333
220 337
220 342
220 363
220 372
220 381
220 392
220 407
220 440
220 450
220 455
220 471
220 489
221 221
221 223
221 227
221 233
221 235
221 241
221 255
221 256
221 258
221 261
221 270
221 273
221 301
221 303
221 309
221 313
221 317
221 325
221 328
221 339
221 350
221 352
221 353
221 364
221 370
221 386
221 391
221 400
221 401
221 402
221 417
221 424
221 426
221 432
221 434
221 436
221 438
221 446
221 456
221 464
221 476
221 478
221 480
221 483
221 498
222 222
222 226
222 244
222 278
222 294
222 306
222 308
222 367
222 380
222 388
222 443
222 458
222 468
222 486
222 497
222 499
223 223
223 227
223 233
223 235
223 245
223 255
223 256
223 261
223 270
223 273
223 276
223 301
223 303
223 313
223 325
223 328
223 344
223 350
223 352
223 353
223 364
223 369
223 370
223 391
223 400
223 402
223 417
223 424
223 426
223 432
223 436
223 438
223 446
223 456
223 462
223 464
223 476
223 478
223 480
223 483
223 498
224 224
224 241
224 256
224 270
224 273
224 303
224 309
224 317
224 318
224 319
224 339
224 348
224 352
224 370
224 384
224 386
224 422
224 432
224 434
224 436
224 438
224 463
225 225
225 231
225 236
225 239
225 262
225 279
225 292
225 331
225 333
225 338
225 342
225 346
225 360
225 361
225 363
225 368
225 381
225 431
225 440
225 450
225 481
225 488
225 492
226 226
226 251
226 278
226 294
226 308
226 329
226 367
226 378
226 380
226 388
226 399
226 427
226 443
226 452
226 454
226 458
226 467
226 468
226 486
226 495
227 227
227 241
227 255
227 256
227 258
227 261
227 270
227 273
227 301
227 303
227 309
227 313
227 317
227 318
227 319
227 325
227 328
227 339
227 348
227 352
227 353
227 370
227 384
227 386
227 391
227 400
227 401
227 402
227 417
227 422
227 424
227 432
227 434
227 436
227 438
227 446
227 456
227 463
227 476
227 478
227 480
227 483
227 498
228 228
228 239
228 252
228 265
228 268
228 282
228 289
228 293
228 296
228 300
228 307
228 327
228 331
228 332
228 338
228 340
228 359
228 360
228 368
228 408
228 431
228 445
228 449
228 474
228 481
228 488
228 492
228 494
230 230
230 242
230 245
230 249
230 271
230 277
230 286
230 288
230 295
230 312
230 336
230 344
230 357
230 366
230 382
230 383
230 390
230 412
230 420
230 423
230 425
230 433
230 442
230 451
231 231
231 236
231 243
231 279
231 292
231 299
231 326
231 333
231 337
231 342
231 372
231 392
231 407
231 440
231 450
231 455
231 460
231 471
231 489
232 232
232 238
232 246
232 258
232 281
232 297
232 313
232 349
232 350
232 353
232 375
232 379
232 401
232 410
232 417
232 421
232 493
233 233
233 235
233 242
233 245
233 255
233 261
233 271
233 276
233 301
233 312
233 313
233 325
233 328
233 344
233 350
233 357
233 364
233 366
233 369
233 383
233 391
233 400
233 402
233 423
233 424
233 426
233 446
233 456
233 462
233 464
233 476
233 478
233 480
233 483
233 498
234 234
234 237
234 247
234 248
234 250
234 266
234 267
234 284
234 285
234 291
234 304
234 309
234 318
234 319
234 320
234 321
234 330
234 345
234 348
234 354
234 373
234 374
234 384
234 394
234 414
234 422
234 429
234 463
234 473
235 235
235 246
235 258
235 261
235 288
235 297
235 301
235 312
235 313
235 325
235 344
235 349
235 350
235 353
235 364
235 369
235 391
235 402
235 404
235 417
235 423
235 424
235 426
235 446
235 462
235 464
235 478
235 480
235 483
235 484
235 498
236 236
236 262
236 279
236 292
236 299
236 333
236 342
236 361
236 363
236 372
236 381
236 407
236 440
236 450
236 455
236 489
236 492
237 237
237 241
237 247
237 248
237 250
237 256
237 267
237 270
237 273
237 285
237 291
237 303
237 309
237 317
237 318
237 319
237 320
237 321
237 339
237 345
237 348
237 352
237 354
237 370
237 373
237 374
237 384
237 386
237 394
237 414
237 422
237 434
237 436
237 463
237 473
238 238
238 240
238 246
238 258
238 272
238 281
238 297
238 349
238 358
238 375
238 379
238 401
238 410
238 419
238 421
238 485
238 493
239 239
239 252
239 262
239 282
239 293
239 307
239 331
239 332
239 338
239 346
239 360
239 361
239 363
239 368
239 381
239 431
239 439
239 474
239 481
239 488
239 492
240 240
240 257
240 272
240 274
240 335
240 358
240 379
240 393
240 395
240 409
240 419
240 441
240 444
240 460
240 477
240 485
241 241
241 248
241 250
241 255
241 256
241 267
241 270
241 273
241 285
241 291
241 303
241 309
241 313
241 317
241 318
241 319
241 321
241 328
241 339
241 345
241 348
241 352
241 353
241 370
241 373
241 384
241 386
241 391
241 400
241 402
241 417
241 422
241 424
241 432
241 434
241 436
241 438
241 456
241 463
241 476
241 483
241 498
242 242
242 245
242 249
242 261
242 271
242 276
242 286
242 288
242 301
242 312
242 344
242 357
242 364
242 366
242 369
242 383
242 390
242 412
242 420
242 423
242 426
242 433
242 446
242 451
242 462
242 478
243 243
243 257
243 274
243 299
243 326
243 335
243 337
243 372
243 392
243 393
243 395
243 407
243 409
243 441
243 444
243 455
243 460
243 469
243 471
243 477
243 489
244 244
244 259
244 263
244 265
244 268
244 289
244 296
244 300
244 306
244 315
244 327
244 340
244 356
244 359
244 365
244 397
244 406
244 408
244 413
244 435
244 443
244 445
244 449
244 457
244 466
244 491
244 494
244 496
244 497
244 499
245 245
245 261
245 271
245 276
245 286
245 288
245 301
245 312
245 344
245 357
245 364
245 366
245 369
245 383
245 390
245 420
245 423
245 426
245 433
245 446
245 451
245 462
245 478
246 246
246 272
246 281
246 297
246 302
246 349
246 350
246 371
246 375
246 376
246 379
246 404
246 421
246 464
246 475
246 484
246 493
247 247
247 248
247 266
247 267
247 284
247 285
247 304
247 320
247 321
247 324
247 330
247 345
247 347
247 354
247 362
247 373
247 374
247 387
247 394
247 414
247 429
247 459
247 473
248 248
248 250
248 267
248 270
248 273
248 284
248 285
248 291
248 309
248 317
248 318
248 319
248 320
248 321
248 339
248 345
248 348
248 354
248 370
248 373
248 374
248 384
248 386
248 394
248 414
248 422
248 434
248 436
248 463
248 473
249 249
249 269
249 271
249 277
249 286
249 312
249 316
249 329
249 336
249 357
249 366
249 383
249 390
249 412
249 420
249 430
249 433
249 442
249 451
249 454
249 458
249 487
250 250
250 256
250 267
250 270
250 273
250 285
250 291
250 303
250 309
250 317
250 318
250 319
250 320
250 321
250 339
250 345
250 348
250 352
250 370
250 373
250 374
250 384
250 386
250 414
250 422
250 434
250 436
250 463
250 473
251 251
251 269
251 329
251 378
251 380
251 388
251 399
251 418
251 427
251 430
251 447
251 452
251 454
251 467
251 487
251 490
251 495
252 252
252 262
252 265
252 268
252 282
252 289
252 293
252 307
252 327
252 331
252 332
252 338
252 346
252 360
252 361
252 368
252 381
252 408
252 431
252 449
252 474
252 481
252 488
252 492
254 254
254 277
254 295
254 316
254 336
254 351
254 377
254 382
254 412
254 439
254 442
254 458
255 255
255 256
255 258
255 261
255 270
255 273
255 301
255 303
255 309
255 313
255 317
255 318
255 319
255 325
255 328
255 339
255 348
255 352
255 353
255 370
255 384
255 386
255 391
255 400
255 401
255 402
255 417
255 422
255 424
255 432
255 434
255 436
255 438
255 446
255 456
255 463
255 476
255 478
255 480
255 483
255 498
256 256
256 258
256 270
256 273
256 291
256 301
256 303
256 309
256 313
256 317
256 318
256 319
256 325
256 328
256 339
256 348
256 352
256 353
256 370
256 384
256 386
256 391
256 400
256 402
256 417
256 422
256 424
256 432
256 434
256 436
256 438
256 456
256 463
256 476
256 478
256 480
256 483
256 498
257 257
257 274
257 299
257 326
257 335
257 337
257 358
257 392
257 393
257 395
257 409
257 419
257 441
257 444
257 460
257 469
257 471
257 477
257 485
258 258
258 270
258 273
258 281
258 297
258 303
258 313
258 325
258 328
258 349
258 350
258 352
258 353
258 370
258 375
258 379
258 391
258 400
258 401
258 402
258 410
258 417
258 421
258 424
258 432
258 436
258 438
258 456
258 464
258 476
258 480
258 483
258 498
259 259
259 263
259 265
259 280
259 296
259 300
259 315
259 340
259 356
259 359
259 365
259 396
259 397
259 406
259 413
259 415
259 435
259 445
259 449
259 457
259 466
259 491
259 494
259 496
259 497
261 261
261 271
261 276
261 301
261 312
261 313
261 325
261 328
261 344
261 350
261 357
261 364
261 366
261 369
261 383
261 391
261 400
261 402
261 423
261 424
261 426
261 432
261 446
261 456
261 462
261 464
261 476
261 478
261 480
261 483
261 498
262 262
262 279
262 292
262 293
262 307
262 331
262 333
262 338
262 342
262 346
262 360
262 361
262 363
262 368
262 381
262 431
262 450
262 481
262 488
262 492
263 263
263 265
263 268
263 280
263 296
263 300
263 315
263 327
263 340
263 356
263 359
263 365
263 396
263 397
263 406
263 413
263 415
263 435
263 445
263 449
263 457
263 466
263 491
263 494
263 496
263 497
265 265
265 268
265 282
265 289
265 293
265 296
265 300
265 306
265 307
265 327
265 340
265 356
265 359
265 365
265 397
265 406
265 408
265 413
265 435
265 445
265 449
265 474
265 491
265 494
265 496
265 497
265 499
266 266
266 284
266 285
266 304
266 320
266 321
266 324
266 330
266 347
266 354
266 355
266 362
266 374
266 387
266 389
266 394
266 414
266 429
266 459
266 473
267 267
267 284
267 285
267 291
267 304
267 309
267 317
267 318
267 319
267 320
267 321
267 339
267 345
267 348
267 354
267 373
267 374
267 384
267 386
267 394
267 414
267 422
267 429
267 434
267 463
267 473
268 268
268 282
268 289
268 293
268 296
268 300
268 306
268 307
268 327
268 332
268 338
268 340
268 356
268 359
268 365
268 368
268 397
268 406
268 408
268 413
268 431
268 445
268 449
268 474
268 481
268 488
268 494
268 496
268 499
269 269
269 271
269 277
269 286
269 316
269 329
269 366
269 378
269 380
269 390
269 399
269 412
269 418
269 420
269 427
269 430
269 447
269 452
269 454
269 458
269 487
269 490
269 495
270 270
270 273
270 291
270 303
270 309
270 313
270 317
270 318
270 319
270 325
270 328
270 339
270 345
270 348
270 352
270 353
270 370
270 384
270 386
270 391
270 400
270 402
270 417
270 422
270 424
270 432
270 434
270 436
270 438
270 456
270 463
270 476
270 478
270 483
270 498
271 271
271 276
271 286
271 301
271 312
271 344
271 357
271 364
271 366
271 369
271 383
271 390
271 412
271 420
271 423
271 426
271 430
271 433
271 446
271 451
271 462
272 272
272 281
272 302
272 335
272 349
272 358
272 375
272 376
272 379
272 393
272 395
272 419
272 441
272 469
272 475
272 485
272 493
273 273
273 291
273 303
273 309
273 313
273 317
273 318
273 319
273 325
273 328
273 339
273 345
273 348
273 352
273 353
273 370
273 373
273 384
273 386
273 391
273 400
273 402
273 417
273 422
273 424
273 432
273 434
273 436
273 438
273 456
273 463
273 476
273 483
273 498
274 274
274 299
274 326
274 335
274 337
274 372
274 392
274 393
274 395
274 407
274 409
274 419
274 441
274 444
274 455
274 460
274 469
274 471
274 477
274 489
275 275
276 276
276 301
276 325
276 344
276 364
276 366
276 369
276 383
276 402
276 426
276 430
276 446
276 447
276 462
276 478
276 483
276 490
276 498
277 277
277 286
277 295
277 316
277 329
277 336
277 357
277 382
277 390
277 412
277 420
277 433
277 442
277 451
277 454
277 458
277 487
278 278
278 294
278 306
278 308
278 316
278 329
278 367
278 377
278 380
278 388
278 399
278 454
278 458
278 467
278 468
278 486
278 487
279 279
279 292
279 331
279 333
279 338
279 342
279 346
279 360
279 361
279 363
279 368
279 372
279 381
279 440
279 450
279 455
279 481
279 488
279 492
280 280
280 315
280 356
280 359
280 365
280 396
280 397
280 406
280 413
280 415
280 435
280 457
280 466
280 491
280 494
280 496
281 281
281 297
281 349
281 350
281 353
281 358
281 375
281 379
281 401
281 410
281 417
281 421
281 485
281 493
282 282
282 289
282 293
282 296
282 300
282 307
282 327
282 331
282 332
282 338
282 340
282 360
282 368
282 408
282 431
282 445
282 449
282 474
282 481
282 488
282 492
284 284
284 285
284 304
284 320
284 321
284 324
284 330
284 345
284 347
284 354
284 362
284 373
284 374
284 387
284 394
284 414
284 429
284 459
284 473
285 285
285 291
285 304
285 309
285 318
285 319
285 320
285 321
285 330
285 345
285 348
285 354
285 373
285 374
285 384
285 386
285 394
285 414
285 422
285 429
285 434
285 463
285 473
286 286
286 312
286 316
286 336
286 344
286 357
286 366
286 382
286 383
286 390
286 412
286 420
286 423
286 433
286 442
286 451
286 487
287 287
287 288
287 302
287 371
287 376
287 382
287 398
287 404
287 425
287 475
287 484
288 288
288 312
288 336
288 344
288 357
288 369
288 371
288 382
288 383
288 404
288 423
288 425
288 433
288 451
288 462
288 484
289 289
289 293
289 296
289 300
289 307
289 327
289 332
289 338
289 340
289 356
289 359
289 365
289 368
289 397
289 408
289 413
289 431
289 445
289 449
289 474
289 481
289 488
289 494
289 496
291 291
291 303
291 309
291 317
291 318
291 319
291 320
291 321
291 339
291 345
291 348
291 352
291 354
291 370
291 373
291 374
291 384
291 386
291 414
291 422
291 432
291 434
291 436
291 438
291 463
291 473
292 292
292 299
292 333
292 342
292 361
292 363
292 372
292 381
292 407
292 440
292 450
292 455
292 489
293 293
293 296
293 300
293 307
293 327
293 331
293 332
293 338
293 340
293 346
293 360
293 368
293 408
293 431
293 445
293 449
293 474
293 481
293 488
293 492
294 294
294 306
294 308
294 316
294 351
294 367
294 377
294 380
294 388
294 443
294 454
294 458
294 467
294 468
294 486
294 499
295 295
295 316
295 336
295 351
295 377
295 382
295 398
295 412
295 439
295 442
296 296
296 300
296 315
296 327
296 340
296 356
296 359
296 365
296 396
296 397
296 406
296 408
296 413
296 435
296 445
296 449
296 457
296 466
296 474
296 491
296 494
296 496
296 497
296 499
297 297
297 313
297 349
297 350
297 353
297 375
297 401
297 404
297 417
297 421
297 464
297 480
297 484
297 493
298 298
299 299
299 326
299 333
299 335
299 337
299 372
299 392
299 393
299 407
299 409
299 440
299 441
299 444
299 450
299 455
299 460
299 469
299 471
299 477
299 489
300 300
300 306
300 307
300 327
300 340
300 356
300 359
300 365
300 397
300 406
300 408
300 413
300 435
300 445
300 449
300 457
300 466
300 474
300 491
300 494
300 496
300 497
300 499
301 301
301 303
301 312
301 313
301 325
301 328
301 344
301 350
301 357
301 364
301 366
301 369
301 383
301 391
301 400
301 402
301 417
301 423
301 424
301 426
301 432
301 438
301 446
301 456
301 462
301 464
301 476
301 478
301 480
301 483
301 498
302 302
302 371
302 376
302 404
302 425
302 475
302 484
302 493
303 303
303 309
303 313
303 317
303 318
303 319
303 325
303 328
303 339
303 348
303 352
303 353
303 370
303 384
303 386
303 391
303 400
303 402
303 417
303 422
303 424
303 432
303 434
303 436
303 438
303 456
303 463
303 476
303 478
303 480
303 483
303 498
304 304
304 320
304 321
304 324
304 330
304 347
304 354
304 362
304 373
304 374
304 387
304 389
304 394
304 414
304 429
304 459
304 473
305 305
306 306
306 308
306 327
306 332
306 340
306 351
306 367
306 377
306 408
306 443
306 449
306 468
306 497
306 499
307 307
307 327
307 331
307 332
307 338
307 340
307 346
307 360
307 361
307 368
307 381
307 408
307 431
307 449
307 474
307 481
307 488
307 492
308 308
308 367
308 378
308 380
308 388
308 399
308 443
308 458
308 467
308 468
308 486
308 497
308 499
309 309
309 313
309 317
309 318
309 319
309 321
309 328
309 339
309 345
309 348
309 352
309 370
309 373
309 384
309 386
309 400
309 414
309 422
309 424
309 432
309 434
309 436
309 438
309 456
309 463
309 476
310 310
312 312
312 344
312 357
312 364
312 366
312 369
312 383
312 390
312 404
312 412
312 420
312 423
312 426
312 433
312 446
312 451
312 462
312 484
313 313
313 317
313 319
313 325
313 328
313 339
313 350
313 352
313 353
313 364
313 370
313 386
313 391
313 400
313 401
313 402
313 417
313 421
313 422
313 424
313 432
313 434
313 436
313 438
313 446
313 456
313 464
313 476
313 478
313 480
313 483
313 498
315 315
315 356
315 359
315 365
315 396
315 397
315 406
315 413
315 415
315 435
315 457
315 466
315 491
315 494
315 496
316 316
316 329
316 377
316 380
316 399
316 412
316 420
316 442
316 454
316 458
316 487
317 317
317 318
317 319
317 321
317 325
317 328
317 339
317 345
317 348
317 352
317 353
317 370
317 373
317 384
317 386
317 391
317 400
317 402
317 417
317 422
317 424
317 432
317 434
317 436
317 438
317 456
317 463
317 476
317 483
317 498
318 318
318 319
318 321
318 339
318 345
318 348
318 352
318 370
318 373
318 374
318 384
318 386
318 414
318 422
318 432
318 434
318 436
318 438
318 463
318 473
318 476
319 319
319 321
319 328
319 339
319 345
319 348
319 352
319 370
319 373
319 384
319 386
319 400
319 414
319 422
319 424
319 432
319 434
319 436
319 438
319 456
319 463
319 476
320 320
320 321
320 324
320 330
320 345
320 354
320 373
320 374
320 384
320 387
320 394
320 414
320 429
320 459
320 473
321 321
321 339
321 345
321 348
321 354
321 373
321 374
321 384
321 386
321 394
321 414
321 422
321 429
321 434
321 463
321 473
324 324
324 330
324 347
324 354
324 355
324 362
324 374
324 387
324 389
324 394
324 405
324 429
324 459
324 473
325 325
325 328
325 339
325 350
325 352
325 353
325 364
325 369
325 370
325 391
325 400
325 402
325 417
325 424
325 426
325 432
325 436
325 438
325 446
325 456
325 462
325 464
325 476
325 478
325 480
325 483
325 498
326 326
326 335
326 337
326 372
326 392
326 393
326 395
326 407
326 409
326 441
326 444
326 455
326 460
326 469
326 471
326 477
326 489
327 327
327 332
327 338
327 340
327 356
327 359
327 365
327 368
327 397
327 406
327 408
327 413
327 431
327 445
327 449
327 474
327 481
327 488
327 494
327 496
327 499
328 328
328 339
328 350
328 352
328 353
328 364
328 370
328 386
328 391
328 400
328 401
328 402
328 417
328 422
328 424
328 426
328 432
328 434
328 436
328 438
328 446
328 456
328 464
328 476
328 478
328 480
328 483
328 498
329 329
329 378
329 380
329 399
329 418
329 420
329 427
329 430
329 447
329 452
329 454
329 458
329 467
329 468
329 487
329 490
329 495
330 330
330 347
330 354
330 355
330 362
330 374
330 387
330 389
330 394
330 414
330 429
330 459
330 473
331 331
331 332
331 338
331 342
331 346
331 360
331 361
331 363
331 368
331 381
331 431
331 474
331 481
331 488
331 492
332 332
332 338
332 346
332 351
332 360
332 368
332 408
332 431
332 439
332 474
332 481
332 488
332 492
333 333
333 342
333 361
333 363
333 372
333 381
333 392
333 407
333 440
333 450
333 455
333 489
335 335
335 337
335 358
335 392
335 393
335 395
335 409
335 419
335 441
335 444
335 460
335 469
335 471
335 477
335 485
336 336
336 382
336 390
336 398
336 412
336 425
336 433
336 442
336 451
337 337
337 372
337 392
337 393
337 395
337 407
337 409
337 419
337 441
337 444
337 455
337 460
337 469
337 471
337 477
337 489
338 338
338 346
338 360
338 361
338 363
338 368
338 381
338 408
338 431
338 474
338 481
338 488
338 492
339 339
339 345
339 348
339 352
339 353
339 370
339 373
339 384
339 386
339 391
339 400
339 402
339 417
339 422
339 424
339 432
339 434
339 436
339 438
339 456
339 463
339 476
339 483
339 498
340 340
340 356
340 359
340 365
340 397
340 406
340 408
340 413
340 435
340 445
340 449
340 466
340 474
340 491
340 494
340 496
340 497
340 499
342 342
342 360
342 361
342 363
342 372
342 381
342 407
342 440
342 450
342 455
342 489
342 492
344 344
344 357
344 364
344 366
344 369
344 383
344 390
344 404
344 420
344 423
344 426
344 433
344 446
344 451
344 462
344 464
344 478
344 484
345 345
345 348
345 352
345 354
345 370
345 373
345 374
345 384
345 386
345 394
345 414
345 422
345 434
345 436
345 463
345 473
346 346
346 360
346 361
346 363
346 368
346 381
346 431
346 439
346 481
346 488
346 492
347 347
347 355
347 362
347 385
347 387
347 389
347 405
347 429
347 448
347 459
348 348
348 352
348 370
348 373
348 384
348 386
348 400
348 414
348 422
348 432
348 434
348 436
348 438
348 463
348 476
349 349
349 350
349 353
349 375
349 379
349 401
349 417
349 421
349 464
349 480
349 493
350 350
350 353
350 375
350 391
350 400
350 401
350 402
350 404
350 417
350 421
350 424
350 446
350 456
350 464
350 476
350 478
350 480
350 483
350 484
350 498
351 351
351 377
351 439
351 442
352 352
352 353
352 370
352 384
352 386
352 391
352 400
352 402
352 417
352 422
352 424
352 432
352 434
352 436
352 438
352 456
352 463
352 476
352 478
352 480
352 483
352 498
353 353
353 370
353 386
353 391
353 400
353 401
353 402
353 410
353 417
353 421
353 424
353 432
353 434
353 436
353 438
353 456
353 464
353 476
353 478
353 480
353 483
353 498
354 354
354 373
354 374
354 387
354 394
354 414
354 429
354 459
354 473
355 355
355 362
355 385
355 387
355 389
355 405
355 448
355 459
356 356
356 359
356 365
356 396
356 397
356 406
356 408
356 413
356 415
356 435
356 445
356 449
356 457
356 466
356 474
356 491
356 494
356 496
356 497
356 499
357 357
357 364
357 366
357 369
357 383
357 390
357 412
357 420
357 423
357 426
357 433
357 446
357 451
357 462
358 358
358 375
358 379
358 393
358 395
358 409
358 419
358 441
358 444
358 477
358 485
359 359
359 365
359 396
359 397
359 406
359 408
359 413
359 415
359 435
359 445
359 449
359 457
359 466
359 474
359 491
359 494
359 496
359 497
359 499
360 360
360 361
360 363
360 368
360 381
360 431
360 474
360 481
360 488
360 492
361 361
361 363
361 368
361 381
361 431
361 440
361 450
361 481
361 488
361 492
362 362
362 385
362 387
362 389
362 405
362 429
362 448
362 459
363 363
363 368
363 381
363 440
363 450
363 481
363 488
363 492
364 364
364 366
364 369
364 383
364 391
364 400
364 402
364 423
364 424
364 426
364 446
364 456
364 462
364 464
364 476
364 478
364 480
364 483
364 498
365 365
365 396
365 397
365 406
365 408
365 413
365 415
365 435
365 445
365 449
365 457
365 466
365 491
365 494
365 496
365 497
366 366
366 369
366 383
366 390
366 420
366 423
366 426
366 430
366 433
366 446
366 447
366 451
366 462
366 490
367 367
367 377
367 380
367 388
367 443
367 458
367 468
367 486
367 497
367 499
368 368
368 381
368 408
368 431
368 474
368 481
368 488
368 492
369 369
369 383
369 390
369 402
369 420
369 423
369 426
369 433
369 446
369 451
369 462
369 464
369 478
369 480
369 483
370 370
370 384
370 386
370 391
370 400
370 402
370 417
370 422
370 424
370 432
370 434
370 436
370 438
370 456
370 463
370 476
370 478
370 483
370 498
371 371
371 376
371 404
371 425
371 475
371 484
371 493
372 372
372 392
372 407
372 440
372 450
372 455
372 460
372 469
372 471
372 489
373 373
373 374
373 384
373 386
373 394
373 414
373 422
373 429
373 434
373 463
373 473
374 374
374 384
374 387
374 394
374 414
374 429
374 459
374 473
375 375
375 379
375 401
375 419
375 421
375 485
375 493
376 376
376 441
376 469
376 475
376 493
377 377
377 439
377 442
377 454
377 458
378 378
378 380
378 388
378 399
378 418
378 427
378 430
378 447
378 452
378 454
378 467
378 468
378 486
378 487
378 490
378 495
379 379
379 401
379 410
379 419
379 421
379 485
379 493
380 380
380 388
380 399
380 418
380 427
380 452
380 454
380 458
380 467
380 468
380 486
380 487
380 495
381 381
381 431
381 440
381 450
381 481
381 488
381 492
382 382
382 398
382 412
382 425
382 433
382 439
382 442
382 451
383 383
383 390
383 412
383 420
383 423
383 426
383 433
383 446
383 451
383 462
384 384
384 386
384 414
384 422
384 432
384 434
384 436
384 438
384 463
384 473
384 476
385 385
385 387
385 389
385 405
385 448
386 386
386 391
386 400
386 422
386 424
386 432
386 434
386 436
386 438
386 456
386 463
386 476
386 483
386 498
387 387
387 389
387 394
387 405
387 429
387 448
387 459
387 473
388 388
388 399
388 427
388 443
388 454
388 458
388 467
388 468
388 486
388 495
389 389
389 405
389 448
389 459
390 390
390 412
390 420
390 423
390 430
390 433
390 442
390 451
390 462
390 487
391 391
391 400
391 402
391 417
391 424
391 426
391 432
391 434
391 436
391 438
391 446
391 456
391 462
391 464
391 476
391 478
391 480
391 483
391 498
392 392
392 393
392 395
392 407
392 409
392 440
392 441
392 444
392 455
392 460
392 469
392 471
392 477
392 489
393 393
393 395
393 409
393 419
393 441
393 444
393 460
393 469
393 471
393 477
393 485
394 394
394 414
394 429
394 459
394 473
395 395
395 409
395 419
395 441
395 444
395 460
395 471
395 477
395 485
396 396
396 397
396 406
396 413
396 415
396 435
396 457
396 466
396 491
396 494
396 496
397 397
397 406
397 408
397 413
397 415
397 435
397 445
397 449
397 457
397 466
397 491
397 494
397 496
397 497
398 398
398 425
399 399
399 418
399 427
399 430
399 447
399 452
399 454
399 458
399 467
399 468
399 486
399 487
399 490
399 495
400 400
400 401
400 402
400 417
400 422
400 424
400 432
400 434
400 436
400 438
400 446
400 456
400 463
400 464
400 476
400 478
400 480
400 483
400 498
401 401
401 410
401 417
401 421
401 424
401 456
401 464
401 476
401 480
402 402
402 417
402 424
402 426
402 432
402 436
402 438
402 446
402 456
402 462
402 464
402 476
402 478
402 480
402 483
402 498
403 403
404 404
404 423
404 425
404 464
404 480
404 484
405 405
405 448
406 406
406 408
406 413
406 415
406 435
406 445
406 449
406 457
406 466
406 491
406 494
406 496
406 497
407 407
407 440
407 441
407 444
407 450
407 455
407 460
407 469
407 471
407 477
407 489
408 408
408 413
408 431
408 445
408 449
408 474
408 481
408 488
408 494
408 496
408 499
409 409
409 419
409 441
409 444
409 460
409 469
409 471
409 477
409 485
410 410
410 421
411 411
412 412
412 420
412 433
412 442
412 451
412 454
412 487
413 413
413 415
413 435
413 445
413 449
413 457
413 466
413 474
413 491
413 494
413 496
413 497
413 499
414 414
414 422
414 429
414 463
414 473
415 415
415 435
415 457
415 466
415 491
415 494
415 496
417 417
417 421
417 424
417 432
417 434
417 436
417 438
417 456
417 464
417 476
417 478
417 480
417 483
417 498
418 418
418 427
418 430
418 447
418 452
418 467
418 487
418 490
418 495
419 419
419 441
419 444
419 460
419 477
419 485
419 493
420 420
420 423
420 430
420 433
420 442
420 447
420 451
420 454
420 462
420 487
420 490
421 421
421 424
421 464
421 480
422 422
422 424
422 432
422 434
422 436
422 438
422 456
422 463
422 476
423 423
423 425
423 426
423 433
423 446
423 451
423 462
423 464
423 484
424 424
424 426
424 432
424 434
424 436
424 438
424 446
424 456
424 464
424 476
424 478
424 480
424 483
424 498
425 425
425 433
425 451
425 484
426 426
426 433
426 446
426 456
426 462
426 464
426 478
426 480
426 483
426 498
427 427
427 430
427 447
427 452
427 454
427 467
427 486
427 487
427 490
427 495
429 429
429 459
429 473
430 430
430 447
430 452
430 454
430 487
430 490
430 495
431 431
431 474
431 481
431 488
431 492
432 432
432 434
432 436
432 438
432 446
432 456
432 463
432 476
432 478
432 480
432 483
432 498
433 433
433 442
433 451
433 462
433 484
434 434
434 436
434 438
434 456
434 463
434 476
434 483
434 498
435 435
435 445
435 449
435 457
435 466
435 491
435 494
435 496
436 436
436 438
436 456
436 463
436 476
436 483
436 498
438 438
438 446
438 456
438 463
438 476
438 478
438 480
438 483
438 498
439 439
439 442
440 440
440 450
440 455
440 469
440 489
441 441
441 444
441 460
441 469
441 471
441 477
441 485
441 489
442 442
442 451
442 454
442 458
442 487
443 443
443 468
443 486
443 497
443 499
444 444
444 460
444 469
444 471
444 477
444 485
444 489
445 445
445 449
445 457
445 466
445 474
445 491
445 494
445 496
445 497
445 499
446 446
446 456
446 462
446 464
446 476
446 478
446 480
446 483
446 498
447 447
447 452
447 487
447 490
447 495
448 448
449 449
449 474
449 491
449 494
449 496
449 497
449 499
450 450
450 455
450 489
450 492
451 451
451 462
451 484
452 452
452 454
452 467
452 487
452 490
452 495
454 454
454 458
454 467
454 468
454 487
454 495
455 455
455 460
455 469
455 471
455 477
455 489
456 456
456 464
456 476
456 478
456 480
456 483
456 498
457 457
457 466
457 491
457 494
457 496
458 458
458 467
458 468
458 486
458 487
459 459
459 473
460 460
460 469
460 471
460 477
460 489
461 461
462 462
462 464
462 478
462 480
462 483
462 498
463 463
463 476
464 464
464 476
464 478
464 480
464 483
464 484
464 498
465 465
466 466
466 491
466 494
466 496
467 467
467 468
467 486
467 487
467 495
468 468
468 486
468 499
469 469
469 471
469 475
469 477
469 489
471 471
471 477
471 489
473 473
474 474
474 481
474 488
474 492
474 494
475 475
475 493
476 476
476 478
476 480
476 483
476 498
477 477
477 489
478 478
478 480
478 483
478 498
480 480
480 483
480 484
480 498
481 481
481 488
481 492
483 483
483 498
484 484
485 485
485 493
486 486
486 499
487 487
487 490
487 495
488 488
488 492
489 489
490 490
490 495
491 491
491 494
491 496
492 492
493 493
494 494
494 496
494 497
494 499
495 495
496 496
496 497
496 499
497 497
497 499
498 498
499 499
