0 0
0 84
0 219
0 228
0 282
0 474
1 1
1 57
1 85
1 96
1 117
1 172
1 213
1 241
1 317
1 339
1 386
1 434
2 2
2 119
2 123
2 280
2 315
2 396
2 415
3 3
4 4
4 52
4 109
4 158
4 362
5 5
5 82
5 174
5 444
5 477
6 6
7 7
7 41
7 83
7 133
7 237
7 248
7 291
7 345
8 8
8 23
8 137
8 223
8 325
8 402
8 478
8 483
9 9
10 10
12 12
12 112
12 153
12 266
12 284
12 304
12 330
12 429
13 13
14 14
14 194
15 15
15 44
15 191
15 407
15 489
16 16
17 17
17 164
17 378
18 18
18 103
18 245
18 369
19 19
20 20
20 36
20 225
20 361
20 381
21 21
21 98
21 259
21 263
21 365
21 397
21 406
23 23
23 134
23 137
23 223
23 478
24 24
24 166
24 234
24 267
24 285
24 321
24 373
24 414
25 25
27 27
28 28
28 105
28 150
28 296
28 359
28 413
28 445
28 494
29 29
29 312
29 344
30 30
30 156
30 240
31 31
31 102
31 168
31 227
31 255
31 400
31 476
32 32
32 100
32 262
32 492
33 33
33 112
33 146
33 153
33 266
33 330
33 459
35 35
35 170
35 180
35 189
35 318
35 319
35 348
35 384
35 422
35 463
36 36
36 186
36 225
36 279
37 37
38 38
38 199
38 243
38 326
39 39
39 200
40 40
40 378
41 41
41 83
41 133
41 192
41 291
41 384
42 42
43 43
43 173
43 202
43 205
43 214
43 217
43 435
43 491
44 44
44 191
44 299
44 489
45 45
45 75
45 92
45 161
45 234
45 414
46 46
47 47
49 49
50 50
51 51
51 130
51 270
51 273
51 317
51 339
51 352
51 370
51 436
52 52
52 109
52 190
52 387
53 53
53 143
53 159
53 171
53 185
53 265
53 449
54 54
54 144
54 167
54 208
54 221
54 328
54 391
54 456
54 483
54 498
55 55
55 393
55 395
55 409
56 56
57 57
57 85
57 117
57 213
57 241
57 273
57 317
57 339
57 386
57 434
57 436
58 58
58 76
58 385
58 405
58 448
59 59
59 150
59 356
59 359
59 397
59 413
59 494
59 496
62 62
62 130
62 197
62 256
62 270
62 303
62 352
62 370
62 432
62 438
63 63
63 176
63 342
63 450
64 64
64 88
64 220
64 292
64 333
65 65
66 66
67 67
67 75
67 92
67 320
67 354
67 374
67 473
68 68
68 232
69 69
69 181
69 233
69 261
69 301
69 446
71 71
71 119
71 123
71 202
71 214
71 280
71 315
71 396
71 457
71 466
72 72
72 187
72 203
72 289
72 408
72 474
73 73
74 74
75 75
75 92
75 374
75 473
76 76
76 385
76 405
76 448
77 77
77 107
77 178
77 195
77 216
77 247
77 284
78 78
79 79
79 143
79 159
79 185
79 268
79 327
79 408
80 80
81 81
81 177
81 279
81 342
82 82
82 274
82 460
82 477
83 83
83 133
83 192
83 291
83 318
83 384
84 84
84 187
84 219
84 228
84 282
84 474
85 85
85 96
85 117
85 213
85 241
85 273
85 317
85 339
85 386
85 434
86 86
87 87
87 122
87 166
87 248
87 267
87 321
87 345
87 373
88 88
88 220
88 292
88 333
89 89
89 220
89 231
89 372
89 455
90 90
91 91
91 175
91 252
91 282
91 293
91 307
92 92
92 161
92 473
93 93
93 240
93 358
95 95
95 312
96 96
96 117
96 172
96 213
96 241
96 309
96 319
96 386
96 422
96 434
98 98
98 173
98 259
98 263
98 365
98 406
99 99
100 100
100 262
100 361
101 101
102 102
102 168
102 227
102 255
102 400
102 476
103 103
103 245
103 344
103 369
103 462
104 104
104 238
105 105
105 150
105 296
105 300
105 359
105 445
105 494
106 106
107 107
107 178
107 195
107 216
107 320
107 354
108 108
108 141
108 462
109 109
109 158
109 362
109 387
110 110
111 111
112 112
112 153
112 266
112 304
112 330
112 429
114 114
115 115
115 200
116 116
117 117
117 172
117 213
117 241
117 309
117 319
117 386
117 434
118 118
118 209
119 119
119 123
119 280
119 315
119 396
119 415
119 457
119 466
122 122
122 166
122 237
122 248
122 345
122 373
123 123
123 280
123 315
123 396
123 415
123 457
124 124
124 144
124 167
124 168
124 221
124 328
124 400
124 424
124 456
125 125
126 126
127 127
128 128
128 218
128 252
128 368
128 431
128 488
129 129
129 149
130 130
130 197
130 256
130 270
130 303
130 352
130 370
130 436
130 438
131 131
132 132
132 156
132 395
133 133
133 192
133 237
133 291
134 134
134 137
134 301
134 478
135 135
136 136
137 137
137 223
137 478
138 138
138 372
138 407
138 455
139 139
141 141
141 369
141 462
142 142
143 143
143 159
143 171
143 185
143 265
144 144
144 167
144 168
144 208
144 221
144 328
144 391
144 424
144 456
145 145
146 146
146 153
146 266
146 324
146 330
146 459
147 147
149 149
149 353
150 150
150 296
150 356
150 359
150 413
150 494
151 151
152 152
153 153
153 266
153 304
153 330
154 154
155 155
156 156
157 157
158 158
158 183
158 362
159 159
159 171
159 185
159 268
160 160
161 161
161 234
161 285
161 414
162 162
164 164
164 378
166 166
166 248
166 267
166 321
166 345
166 373
167 167
167 168
167 221
167 328
167 400
167 424
167 456
168 168
168 328
168 400
168 424
168 456
169 169
170 170
170 180
170 189
170 192
170 318
170 348
170 384
170 422
170 463
171 171
171 185
171 265
171 340
171 449
172 172
172 213
172 309
172 319
172 386
172 422
172 434
173 173
173 205
173 217
173 259
173 263
173 406
174 174
174 257
174 444
175 175
175 252
175 293
175 307
175 431
176 176
176 236
176 342
176 450
177 177
177 186
177 279
178 178
178 195
178 216
178 247
178 354
179 179
180 180
180 189
180 309
180 319
180 348
180 422
180 463
181 181
181 184
181 233
181 261
181 364
181 446
182 182
183 183
183 215
183 347
183 362
184 184
184 233
184 364
184 426
185 185
185 265
186 186
186 225
186 279
187 187
187 203
187 289
187 474
188 188
188 198
188 331
188 360
188 492
189 189
189 192
189 318
189 348
189 384
189 463
190 190
190 324
190 387
190 459
191 191
191 299
192 192
192 291
192 318
192 384
193 193
194 194
194 495
195 195
195 216
195 320
195 354
195 374
195 473
196 196
197 197
197 227
197 255
197 256
197 270
197 303
197 352
197 432
197 438
198 198
198 331
198 338
198 360
199 199
199 299
200 200
201 201
202 202
202 214
202 435
202 457
202 466
202 491
203 203
203 289
203 327
203 408
203 474
204 204
205 205
205 217
205 259
205 263
205 435
206 206
208 208
208 221
208 391
208 456
208 483
208 498
209 209
210 210
211 211
212 212
212 281
213 213
213 241
213 309
213 319
213 386
213 434
214 214
214 315
214 435
214 457
214 466
214 491
215 215
215 347
216 216
216 247
216 354
217 217
217 259
217 435
217 491
218 218
218 368
218 431
218 481
218 488
219 219
219 228
219 282
219 293
219 474
220 220
220 231
221 221
221 328
221 391
221 456
221 498
222 222
223 223
223 325
223 402
223 478
224 224
225 225
225 381
226 226
227 227
227 255
227 432
227 438
227 476
228 228
228 282
228 474
230 230
231 231
232 232
233 233
233 261
233 364
233 446
234 234
234 285
234 321
234 414
235 235
236 236
236 292
236 450
237 237
237 248
237 291
237 345
238 238
238 379
239 239
240 240
241 241
241 317
241 339
241 386
241 434
242 242
242 245
242 271
242 357
242 383
243 243
243 326
243 337
243 471
244 244
245 245
245 369
246 246
247 247
247 284
247 429
248 248
248 345
249 249
250 250
251 251
252 252
252 307
252 431
254 254
255 255
255 400
255 432
255 438
255 476
256 256
256 270
256 303
256 352
256 370
256 432
256 438
257 257
257 393
257 409
257 444
258 258
258 401
259 259
259 263
259 406
261 261
261 301
261 364
261 446
262 262
262 361
262 381
263 263
263 365
263 406
265 265
265 300
265 340
265 449
266 266
266 330
267 267
267 285
267 321
267 373
268 268
268 289
268 327
268 408
269 269
270 270
270 273
270 303
270 352
270 370
270 436
271 271
271 383
272 272
273 273
273 317
273 339
273 370
273 436
274 274
274 337
274 460
274 477
275 275
276 276
277 277
278 278
279 279
280 280
280 315
280 396
280 415
281 281
282 282
282 293
284 284
284 304
284 429
285 285
285 321
285 414
286 286
287 287
288 288
289 289
289 327
289 408
291 291
292 292
292 333
292 450
293 293
293 307
294 294
295 295
296 296
296 300
296 340
296 445
296 494
297 297
298 298
299 299
300 300
300 340
300 445
300 449
301 301
301 446
302 302
303 303
303 352
303 370
303 432
303 438
304 304
304 429
305 305
306 306
307 307
308 308
308 486
309 309
309 319
309 386
309 422
310 310
312 312
313 313
315 315
315 396
315 415
315 457
315 466
316 316
317 317
317 339
317 370
317 386
317 434
317 436
318 318
318 348
318 384
318 463
319 319
319 348
319 422
319 463
320 320
320 354
320 374
320 473
321 321
321 373
324 324
324 387
324 459
325 325
325 402
325 483
325 498
326 326
326 337
326 460
326 471
327 327
327 408
328 328
328 400
328 424
328 456
329 329
330 330
331 331
331 360
331 492
332 332
333 333
335 335
336 336
337 337
337 460
337 471
338 338
338 481
338 488
339 339
339 386
339 434
339 436
340 340
340 445
340 449
342 342
344 344
345 345
346 346
347 347
347 389
348 348
348 422
348 463
349 349
350 350
351 351
352 352
352 370
352 432
352 438
353 353
353 417
354 354
354 374
354 473
355 355
355 389
356 356
356 359
356 397
356 413
356 496
357 357
357 383
358 358
358 485
359 359
359 413
359 494
360 360
360 492
361 361
361 381
362 362
363 363
364 364
364 426
365 365
365 397
365 406
365 496
366 366
367 367
368 368
368 481
368 488
369 369
369 462
370 370
370 436
371 371
372 372
372 455
373 373
374 374
374 473
375 375
376 376
377 377
378 378
379 379
380 380
381 381
382 382
383 383
384 384
384 463
385 385
385 405
385 448
386 386
386 434
387 387
387 459
388 388
388 486
389 389
390 390
391 391
391 402
391 483
391 498
392 392
393 393
393 409
394 394
395 395
396 396
396 415
396 457
396 466
397 397
397 496
398 398
399 399
400 400
400 476
401 401
401 421
402 402
402 483
402 498
403 403
404 404
405 405
405 448
406 406
407 407
407 455
407 489
408 408
409 409
410 410
411 411
412 412
413 413
413 494
413 496
414 414
415 415
417 417
418 418
419 419
420 420
421 421
422 422
422 463
423 423
424 424
424 456
425 425
426 426
427 427
427 495
429 429
430 430
431 431
432 432
432 438
432 476
433 433
434 434
435 435
435 466
435 491
436 436
438 438
439 439
440 440
441 441
442 442
443 443
444 444
444 477
445 445
445 449
446 446
447 447
447 490
448 448
449 449
450 450
451 451
452 452
454 454
455 455
456 456
457 457
457 466
457 491
458 458
459 459
460 460
460 471
461 461
462 462
463 463
464 464
465 465
466 466
466 491
467 467
468 468
469 469
471 471
473 473
474 474
475 475
476 476
477 477
478 478
480 480
481 481
481 488
483 483
483 498
484 484
485 485
486 486
487 487
488 488
489 489
490 490
491 491
492 492
493 493
494 494
495 495
496 496
497 497
498 498
499 499
