0 0
0 53
0 72
0 79
0 84
0 91
0 128
0 143
0 159
0 171
0 175
0 185
0 187
0 203
0 218
0 219
0 228
0 252
0 268
0 282
0 289
0 293
0 307
0 327
0 332
0 368
0 408
0 431
0 474
0 481
0 488
1 1
1 16
1 35
1 41
1 51
1 57
1 62
1 83
1 85
1 96
1 102
1 117
1 130
1 133
1 170
1 172
1 180
1 189
1 192
1 197
1 213
1 227
1 241
1 255
1 256
1 270
1 273
1 291
1 303
1 309
1 317
1 318
1 319
1 339
1 348
1 352
1 370
1 384
1 386
1 422
1 432
1 434
1 436
1 438
1 463
1 476
2 2
2 43
2 71
2 119
2 123
2 173
2 202
2 205
2 214
2 217
2 259
2 263
2 280
2 315
2 396
2 415
2 435
2 457
2 466
2 491
3 3
3 114
3 135
3 204
3 230
3 277
3 286
3 336
3 390
3 412
3 433
3 442
3 451
4 4
4 12
4 33
4 52
4 109
4 112
4 146
4 153
4 158
4 183
4 190
4 215
4 266
4 324
4 330
4 347
4 355
4 362
4 387
4 389
4 459
5 5
5 38
5 55
5 82
5 132
5 156
5 174
5 199
5 243
5 257
5 274
5 326
5 335
5 337
5 393
5 395
5 409
5 441
5 444
5 460
5 471
5 477
6 6
6 106
6 182
6 249
6 277
6 316
6 329
6 454
6 458
6 487
7 7
7 24
7 35
7 41
7 45
7 83
7 87
7 96
7 117
7 122
7 133
7 145
7 161
7 166
7 170
7 172
7 180
7 189
7 192
7 213
7 234
7 237
7 248
7 267
7 285
7 291
7 309
7 318
7 319
7 321
7 345
7 348
7 373
7 384
7 414
7 422
7 463
8 8
8 23
8 31
8 54
8 69
8 102
8 124
8 134
8 137
8 144
8 167
8 168
8 181
8 184
8 208
8 221
8 223
8 233
8 261
8 301
8 313
8 325
8 328
8 364
8 391
8 400
8 402
8 424
8 426
8 446
8 456
8 476
8 478
8 480
8 483
8 498
9 9
9 80
9 193
9 294
9 306
9 367
9 377
10 10
10 53
10 72
10 79
10 105
10 143
10 159
10 171
10 185
10 193
10 203
10 244
10 265
10 268
10 289
10 296
10 300
10 306
10 327
10 340
10 408
10 445
10 449
10 499
12 12
12 33
12 52
12 67
12 75
12 77
12 107
12 109
12 112
12 146
12 153
12 178
12 190
12 195
12 216
12 247
12 266
12 284
12 304
12 320
12 324
12 330
12 354
12 374
12 387
12 429
12 459
12 473
13 13
13 68
13 125
13 129
13 149
13 152
13 212
13 232
13 258
13 281
13 297
13 349
13 350
13 353
13 401
13 417
13 421
14 14
14 17
14 40
14 110
14 116
14 126
14 164
14 194
14 251
14 378
14 418
14 427
14 452
14 495
15 15
15 38
15 44
15 64
15 88
15 89
15 138
15 191
15 199
15 220
15 231
15 243
15 299
15 326
15 337
15 372
15 392
15 407
15 455
15 460
15 471
15 489
16 16
16 35
16 51
16 57
16 62
16 85
16 96
16 117
16 130
16 170
16 172
16 180
16 189
16 197
16 213
16 241
16 256
16 270
16 273
16 303
16 309
16 317
16 319
16 339
16 348
16 352
16 370
16 386
16 422
16 434
16 436
16 438
16 463
17 17
17 40
17 56
17 118
17 126
17 164
17 194
17 209
17 210
17 226
17 251
17 378
17 380
17 399
17 427
17 452
17 467
17 495
18 18
18 29
18 42
18 49
18 95
18 103
18 108
18 141
18 160
18 181
18 184
18 233
18 242
18 245
18 261
18 271
18 312
18 344
18 357
18 364
18 366
18 369
18 383
18 423
18 426
18 446
18 462
19 19
20 20
20 32
20 36
20 63
20 81
20 100
20 176
20 177
20 186
20 188
20 198
20 225
20 262
20 279
20 331
20 342
20 360
20 361
20 363
20 381
20 450
20 492
21 21
21 28
21 43
21 59
21 71
21 98
21 105
21 119
21 150
21 173
21 202
21 205
21 214
21 217
21 244
21 259
21 263
21 296
21 300
21 315
21 340
21 356
21 359
21 365
21 396
21 397
21 406
21 413
21 435
21 445
21 449
21 457
21 466
21 491
21 494
21 496
23 23
23 54
23 69
23 124
23 134
23 137
23 144
23 167
23 168
23 181
23 184
23 208
23 221
23 223
23 233
23 261
23 301
23 325
23 328
23 364
23 391
23 400
23 402
23 424
23 426
23 446
23 456
23 478
23 480
23 483
23 498
24 24
24 41
24 45
24 67
24 75
24 83
24 87
24 92
24 107
24 122
24 133
24 145
24 161
24 166
24 192
24 195
24 234
24 237
24 248
24 267
24 285
24 291
24 318
24 320
24 321
24 345
24 354
24 373
24 374
24 384
24 414
24 473
25 25
25 78
25 440
25 469
27 27
28 28
28 53
28 59
28 79
28 98
28 105
28 143
28 150
28 159
28 171
28 173
28 185
28 244
28 259
28 263
28 265
28 268
28 296
28 300
28 327
28 340
28 356
28 359
28 365
28 397
28 406
28 408
28 413
28 445
28 449
28 494
28 496
29 29
29 42
29 49
29 95
29 103
29 108
29 141
29 242
29 245
29 271
29 312
29 344
29 357
29 366
29 369
29 383
29 390
29 423
29 426
29 433
29 462
30 30
30 39
30 55
30 93
30 132
30 156
30 174
30 240
30 257
30 335
30 358
30 393
30 395
30 409
30 419
30 485
31 31
31 51
31 54
31 57
31 62
31 85
31 102
31 124
31 129
31 130
31 144
31 149
31 167
31 168
31 197
31 208
31 221
31 223
31 227
31 241
31 255
31 256
31 270
31 273
31 303
31 313
31 317
31 325
31 328
31 339
31 352
31 370
31 391
31 400
31 402
31 424
31 432
31 436
31 438
31 456
31 476
31 483
31 498
32 32
32 36
32 100
32 177
32 186
32 188
32 198
32 218
32 225
32 262
32 279
32 331
32 338
32 360
32 361
32 368
32 381
32 481
32 488
32 492
33 33
33 52
33 77
33 107
33 109
33 112
33 146
33 153
33 158
33 178
33 183
33 190
33 195
33 216
33 247
33 266
33 284
33 304
33 320
33 324
33 330
33 354
33 362
33 387
33 429
33 459
35 35
35 41
35 51
35 57
35 83
35 85
35 87
35 96
35 117
35 122
35 130
35 133
35 166
35 170
35 172
35 180
35 189
35 192
35 213
35 237
35 241
35 248
35 270
35 273
35 291
35 309
35 317
35 318
35 319
35 339
35 345
35 348
35 370
35 373
35 384
35 386
35 422
35 434
35 436
35 463
36 36
36 63
36 81
36 100
36 176
36 177
36 186
36 188
36 225
36 236
36 262
36 279
36 331
36 342
36 360
36 361
36 363
36 381
36 450
36 492
37 37
37 39
37 104
37 111
37 115
37 155
37 200
37 238
37 272
37 375
37 379
37 485
37 493
38 38
38 44
38 82
38 138
38 174
38 191
38 199
38 243
38 274
38 299
38 326
38 337
38 392
38 407
38 444
38 460
38 471
38 477
38 489
39 39
39 93
39 104
39 115
39 155
39 200
39 238
39 240
39 358
39 379
39 419
39 485
40 40
40 56
40 118
40 126
40 164
40 194
40 209
40 210
40 226
40 251
40 378
40 380
40 399
40 427
40 452
40 467
40 495
41 41
41 57
41 83
41 85
41 87
41 96
41 117
41 122
41 133
41 145
41 161
41 166
41 170
41 172
41 180
41 189
41 192
41 213
41 234
41 237
41 241
41 248
41 267
41 285
41 291
41 309
41 318
41 319
41 321
41 345
41 348
41 373
41 384
41 386
41 414
41 422
41 434
41 463
42 42
42 49
42 103
42 108
42 141
42 160
42 169
42 184
42 242
42 245
42 271
42 276
42 344
42 357
42 364
42 366
42 369
42 383
42 426
42 462
43 43
43 59
43 71
43 98
43 119
43 123
43 173
43 202
43 205
43 214
43 217
43 259
43 263
43 280
43 315
43 356
43 359
43 365
43 396
43 397
43 406
43 413
43 415
43 435
43 457
43 466
43 491
43 496
44 44
44 89
44 138
44 191
44 199
44 220
44 231
44 243
44 274
44 299
44 326
44 337
44 372
44 392
44 407
44 455
44 460
44 471
44 489
45 45
45 67
45 75
45 77
45 87
45 92
45 107
45 122
45 145
45 161
45 166
45 178
45 195
45 216
45 234
45 237
45 247
45 248
45 267
45 284
45 285
45 320
45 321
45 345
45 354
45 373
45 374
45 414
45 429
45 473
46 46
46 110
46 169
46 201
46 418
46 430
46 447
46 490
47 47
47 135
47 204
47 254
47 295
47 336
47 442
49 49
49 95
49 103
49 114
49 160
49 182
49 242
49 245
49 271
49 286
49 312
49 344
49 357
49 366
49 369
49 383
49 390
49 420
49 423
49 433
49 462
50 50
50 99
50 235
50 288
50 404
50 423
50 484
51 51
51 57
51 62
51 85
51 96
51 102
51 117
51 124
51 130
51 167
51 168
51 170
51 172
51 180
51 189
51 197
51 213
51 227
51 241
51 255
51 256
51 270
51 273
51 303
51 309
51 317
51 319
51 328
51 339
51 348
51 352
51 370
51 386
51 400
51 422
51 424
51 432
51 434
51 436
51 438
51 456
51 463
51 476
52 52
52 109
52 112
52 146
52 153
52 158
52 183
52 190
52 215
52 266
52 284
52 304
52 324
52 330
52 347
52 355
52 362
52 387
52 389
52 429
52 459
53 53
53 59
53 72
53 79
53 84
53 105
53 143
53 150
53 159
53 171
53 185
53 187
53 203
53 228
53 265
53 268
53 289
53 296
53 300
53 327
53 340
53 356
53 359
53 408
53 413
53 445
53 449
53 474
53 494
53 496
54 54
54 62
54 69
54 102
54 124
54 125
54 129
54 130
54 134
54 137
54 144
54 167
54 168
54 197
54 208
54 221
54 223
54 227
54 255
54 256
54 301
54 303
54 313
54 325
54 328
54 352
54 391
54 400
54 402
54 424
54 432
54 438
54 446
54 456
54 476
54 478
54 480
54 483
54 498
55 55
55 82
55 93
55 132
55 156
55 174
55 240
55 257
55 274
55 335
55 393
55 395
55 409
55 419
55 444
55 460
55 477
56 56
56 118
56 139
56 209
56 226
56 308
56 378
56 380
56 388
56 399
56 467
56 468
56 486
57 57
57 62
57 83
57 85
57 96
57 102
57 117
57 130
57 170
57 172
57 180
57 189
57 192
57 197
57 213
57 227
57 241
57 255
57 256
57 270
57 273
57 303
57 309
57 317
57 318
57 319
57 339
57 348
57 352
57 370
57 384
57 386
57 400
57 422
57 432
57 434
57 436
57 438
57 463
57 476
58 58
58 76
58 154
58 215
58 347
58 355
58 385
58 389
58 405
58 448
59 59
59 98
59 105
59 143
59 150
59 159
59 171
59 173
59 185
59 205
59 217
59 244
59 259
59 263
59 265
59 296
59 300
59 340
59 356
59 359
59 365
59 397
59 406
59 413
59 435
59 445
59 449
59 491
59 494
59 496
62 62
62 85
62 96
62 102
62 117
62 124
62 129
62 130
62 144
62 167
62 168
62 172
62 197
62 208
62 213
62 221
62 227
62 241
62 255
62 256
62 270
62 273
62 303
62 309
62 313
62 317
62 319
62 328
62 339
62 352
62 370
62 386
62 391
62 400
62 422
62 424
62 432
62 434
62 436
62 438
62 456
62 476
63 63
63 64
63 81
63 88
63 89
63 176
63 177
63 186
63 220
63 225
63 231
63 236
63 279
63 292
63 333
63 342
63 361
63 381
63 450
64 64
64 81
64 88
64 89
64 138
64 176
64 177
64 220
64 231
64 236
64 292
64 333
64 342
64 372
64 407
64 450
64 455
64 489
65 65
65 106
65 110
65 169
65 206
65 210
65 269
65 329
65 418
65 430
65 447
65 452
65 487
65 490
66 66
66 127
66 196
66 254
66 351
66 439
67 67
67 75
67 77
67 87
67 92
67 107
67 112
67 122
67 145
67 153
67 161
67 166
67 178
67 195
67 216
67 234
67 247
67 248
67 267
67 284
67 285
67 304
67 320
67 321
67 354
67 373
67 374
67 414
67 429
67 473
68 68
68 104
68 152
68 212
68 232
68 238
68 258
68 281
68 349
68 353
68 375
68 401
68 421
69 69
69 103
69 108
69 134
69 137
69 141
69 181
69 184
69 208
69 223
69 233
69 261
69 301
69 325
69 364
69 369
69 391
69 402
69 426
69 446
69 462
69 478
69 480
69 483
69 498
71 71
71 98
71 119
71 123
71 173
71 202
71 205
71 214
71 217
71 259
71 263
71 280
71 315
71 365
71 396
71 406
71 415
71 435
71 457
71 466
71 491
72 72
72 79
72 84
72 91
72 143
72 159
72 171
72 175
72 185
72 187
72 203
72 219
72 228
72 252
72 265
72 268
72 282
72 289
72 293
72 300
72 307
72 327
72 340
72 408
72 431
72 445
72 449
72 474
73 73
73 99
73 287
73 288
73 302
73 371
73 404
73 484
74 74
74 86
74 90
74 222
74 306
74 367
74 443
74 497
74 499
75 75
75 77
75 87
75 92
75 107
75 122
75 145
75 161
75 166
75 178
75 195
75 216
75 234
75 237
75 247
75 248
75 267
75 284
75 285
75 304
75 320
75 321
75 345
75 354
75 373
75 374
75 414
75 429
75 473
76 76
76 154
76 215
76 347
76 355
76 385
76 389
76 405
76 448
77 77
77 92
77 107
77 112
77 146
77 153
77 161
77 178
77 190
77 195
77 216
77 234
77 247
77 266
77 284
77 285
77 304
77 320
77 324
77 330
77 354
77 374
77 414
77 429
77 459
77 473
78 78
78 179
78 376
78 469
78 475
79 79
79 84
79 105
79 143
79 150
79 159
79 171
79 185
79 187
79 203
79 219
79 228
79 265
79 268
79 282
79 289
79 293
79 296
79 300
79 327
79 340
79 359
79 408
79 445
79 449
79 474
79 494
80 80
80 151
80 278
80 294
80 367
80 377
80 458
81 81
81 88
81 100
81 176
81 177
81 186
81 220
81 225
81 236
81 262
81 279
81 292
81 333
81 342
81 361
81 363
81 381
81 450
82 82
82 174
82 199
82 243
82 257
82 274
82 299
82 326
82 335
82 337
82 392
82 393
82 395
82 409
82 441
82 444
82 460
82 471
82 477
83 83
83 85
83 87
83 96
83 117
83 122
83 133
83 145
83 166
83 170
83 172
83 180
83 189
83 192
83 213
83 234
83 237
83 241
83 248
83 267
83 285
83 291
83 309
83 318
83 319
83 321
83 339
83 345
83 348
83 373
83 384
83 386
83 414
83 422
83 434
83 463
84 84
84 91
84 128
84 143
84 159
84 171
84 175
84 185
84 187
84 203
84 218
84 219
84 228
84 252
84 268
84 282
84 289
84 293
84 307
84 327
84 332
84 368
84 408
84 431
84 474
84 488
85 85
85 96
85 102
85 117
85 130
85 133
85 170
85 172
85 180
85 189
85 192
85 197
85 213
85 227
85 241
85 255
85 256
85 270
85 273
85 303
85 309
85 317
85 318
85 319
85 339
85 348
85 352
85 370
85 384
85 386
85 422
85 432
85 434
85 436
85 438
85 463
85 476
86 86
86 90
86 222
86 226
86 308
86 388
86 443
86 468
86 486
87 87
87 92
87 122
87 133
87 145
87 161
87 166
87 170
87 180
87 189
87 192
87 234
87 237
87 248
87 267
87 285
87 291
87 318
87 321
87 345
87 348
87 373
87 374
87 384
87 414
87 422
87 463
87 473
88 88
88 89
88 138
88 176
88 177
88 220
88 231
88 236
88 292
88 333
88 342
88 372
88 407
88 450
88 455
88 489
89 89
89 138
89 176
89 191
89 220
89 231
89 236
89 292
89 299
89 333
89 372
89 407
89 450
89 455
89 489
90 90
90 222
90 308
90 367
90 443
90 486
90 497
90 499
91 91
91 128
91 175
91 187
91 198
91 203
91 218
91 219
91 228
91 252
91 268
91 282
91 289
91 293
91 307
91 327
91 332
91 338
91 368
91 408
91 431
91 474
91 481
91 488
92 92
92 107
92 122
92 145
92 161
92 166
92 178
92 195
92 216
92 234
92 237
92 247
92 248
92 267
92 284
92 285
92 304
92 320
92 321
92 345
92 354
92 373
92 374
92 414
92 429
92 473
93 93
93 115
93 132
93 155
93 156
93 200
93 240
93 335
93 358
93 393
93 395
93 419
93 485
95 95
95 103
95 114
95 141
95 242
95 245
95 271
95 312
95 344
95 357
95 366
95 369
95 383
95 390
95 423
95 433
95 451
95 462
96 96
96 117
96 130
96 133
96 170
96 172
96 180
96 189
96 192
96 197
96 213
96 227
96 237
96 241
96 256
96 270
96 273
96 291
96 303
96 309
96 317
96 318
96 319
96 339
96 348
96 352
96 370
96 384
96 386
96 422
96 432
96 434
96 436
96 438
96 463
98 98
98 105
98 119
98 123
98 150
98 173
98 202
98 205
98 214
98 217
98 259
98 263
98 280
98 296
98 300
98 315
98 356
98 359
98 365
98 396
98 397
98 406
98 413
98 435
98 445
98 457
98 466
98 491
98 494
98 496
99 99
99 287
99 288
99 371
99 404
99 425
99 484
100 100
100 177
100 186
100 188
100 198
100 225
100 262
100 279
100 331
100 338
100 360
100 361
100 368
100 381
100 481
100 488
100 492
101 101
101 155
101 179
101 272
101 335
101 419
101 441
102 102
102 124
102 129
102 130
102 144
102 167
102 168
102 197
102 208
102 221
102 223
102 227
102 241
102 255
102 256
102 270
102 273
102 303
102 313
102 317
102 325
102 328
102 339
102 352
102 370
102 391
102 400
102 402
102 424
102 432
102 434
102 436
102 438
102 456
102 476
102 483
102 498
103 103
103 108
103 141
103 181
103 184
103 233
103 242
103 245
103 261
103 271
103 312
103 344
103 357
103 364
103 366
103 369
103 383
103 423
103 426
103 446
103 462
104 104
104 111
104 115
104 200
104 212
104 232
104 238
104 281
104 349
104 375
104 379
104 421
105 105
105 143
105 150
105 159
105 171
105 185
105 244
105 259
105 263
105 265
105 268
105 296
105 300
105 327
105 340
105 356
105 359
105 365
105 397
105 406
105 408
105 413
105 445
105 449
105 494
105 496
106 106
106 182
106 206
106 210
106 249
106 269
106 329
106 420
106 430
106 454
106 487
107 107
107 112
107 146
107 153
107 161
107 178
107 195
107 216
107 234
107 247
107 266
107 284
107 285
107 304
107 320
107 330
107 354
107 374
107 394
107 414
107 429
107 459
107 473
108 108
108 134
108 137
108 141
108 181
108 184
108 233
108 242
108 245
108 261
108 271
108 301
108 312
108 344
108 357
108 364
108 366
108 369
108 383
108 423
108 426
108 446
108 462
108 478
109 109
109 112
109 146
109 153
109 158
109 183
109 190
109 215
109 266
109 304
109 324
109 330
109 347
109 355
109 362
109 387
109 389
109 459
110 110
110 116
110 126
110 194
110 201
110 251
110 418
110 427
110 430
110 447
110 452
110 490
110 495
111 111
111 238
111 246
111 272
111 349
111 375
111 493
112 112
112 146
112 153
112 158
112 178
112 190
112 195
112 216
112 247
112 266
112 284
112 304
112 320
112 324
112 330
112 354
112 374
112 387
112 429
112 459
112 473
114 114
114 182
114 230
114 249
114 271
114 277
114 286
114 312
114 357
114 383
114 390
114 412
114 420
114 433
114 451
115 115
115 155
115 200
115 212
115 238
115 281
115 358
115 375
115 379
115 485
116 116
116 126
116 194
116 201
116 418
116 447
116 452
116 490
116 495
117 117
117 130
117 133
117 170
117 172
117 180
117 189
117 192
117 197
117 213
117 227
117 237
117 241
117 255
117 256
117 270
117 273
117 291
117 303
117 309
117 317
117 318
117 319
117 339
117 348
117 352
117 370
117 384
117 386
117 422
117 432
117 434
117 436
117 438
117 463
118 118
118 139
118 164
118 209
118 210
118 226
118 251
118 308
118 378
118 380
118 388
118 399
118 427
118 467
118 468
118 486
119 119
119 123
119 173
119 202
119 205
119 214
119 217
119 259
119 263
119 280
119 315
119 396
119 406
119 415
119 435
119 457
119 466
119 491
122 122
122 133
122 145
122 161
122 166
122 170
122 180
122 189
122 192
122 234
122 237
122 248
122 267
122 285
122 291
122 318
122 321
122 345
122 348
122 373
122 384
122 414
122 422
122 463
122 473
123 123
123 173
123 202
123 205
123 214
123 217
123 259
123 263
123 280
123 315
123 396
123 406
123 415
123 435
123 457
123 466
123 491
124 124
124 129
124 130
124 134
124 137
124 144
124 149
124 167
124 168
124 197
124 208
124 221
124 223
124 227
124 255
124 256
124 270
124 273
124 303
124 313
124 325
124 328
124 352
124 370
124 391
124 400
124 402
124 424
124 432
124 436
124 438
124 456
124 476
124 478
124 483
124 498
125 125
125 129
125 144
125 149
125 152
125 221
125 258
125 313
125 325
125 350
125 353
125 391
125 401
125 417
125 424
125 464
125 480
125 483
125 498
126 126
126 164
126 194
126 251
126 378
126 418
126 427
126 452
126 490
126 495
127 127
127 196
127 346
127 439
128 128
128 175
128 187
128 188
128 198
128 218
128 219
128 228
128 239
128 252
128 282
128 293
128 307
128 331
128 332
128 338
128 360
128 368
128 431
128 474
128 481
128 488
128 492
129 129
129 144
129 149
129 167
129 168
129 197
129 208
129 221
129 227
129 255
129 256
129 258
129 313
129 328
129 352
129 353
129 391
129 400
129 401
129 417
129 424
129 432
129 438
129 456
129 476
129 480
129 498
130 130
130 144
130 167
130 168
130 172
130 180
130 197
130 213
130 221
130 227
130 241
130 255
130 256
130 270
130 273
130 303
130 309
130 313
130 317
130 319
130 328
130 339
130 348
130 352
130 370
130 386
130 400
130 422
130 424
130 432
130 434
130 436
130 438
130 456
130 463
130 476
131 131
132 132
132 156
132 174
132 240
132 257
132 335
132 358
132 393
132 395
132 409
132 419
132 444
132 477
132 485
133 133
133 145
133 161
133 166
133 170
133 172
133 180
133 189
133 192
133 213
133 234
133 237
133 241
133 248
133 267
133 285
133 291
133 309
133 318
133 319
133 321
133 345
133 348
133 373
133 384
133 386
133 414
133 422
133 434
133 463
134 134
134 137
134 141
134 144
134 167
134 181
134 184
134 208
134 221
134 223
134 233
134 261
134 301
134 325
134 328
134 364
134 391
134 402
134 426
134 446
134 456
134 462
134 478
134 480
134 483
134 498
135 135
135 204
135 230
135 286
135 295
135 336
135 382
135 412
135 442
136 136
136 179
136 246
136 302
136 371
136 376
136 475
136 493
137 137
137 144
137 167
137 168
137 181
137 184
137 208
137 221
137 223
137 233
137 261
137 301
137 325
137 328
137 364
137 391
137 402
137 424
137 426
137 446
137 456
137 478
137 480
137 483
137 498
138 138
138 191
138 199
138 220
138 231
138 236
138 292
138 299
138 333
138 372
138 407
138 455
138 489
139 139
139 209
139 210
139 278
139 294
139 329
139 380
139 388
139 399
139 454
139 458
139 467
139 468
141 141
141 181
141 184
141 233
141 242
141 245
141 261
141 271
141 301
141 312
141 344
141 357
141 364
141 366
141 369
141 383
141 423
141 426
141 446
141 462
142 142
142 157
142 398
143 143
143 150
143 159
143 171
143 185
143 187
143 203
143 219
143 228
143 265
143 268
143 289
143 296
143 300
143 327
143 340
143 356
143 359
143 408
143 413
143 445
143 449
143 474
143 494
144 144
144 149
144 167
144 168
144 197
144 208
144 221
144 223
144 227
144 255
144 256
144 270
144 301
144 303
144 313
144 325
144 328
144 352
144 391
144 400
144 402
144 424
144 432
144 438
144 456
144 476
144 478
144 480
144 483
144 498
145 145
145 161
145 166
145 234
145 237
145 248
145 267
145 285
145 291
145 321
145 345
145 373
145 374
145 414
145 473
146 146
146 153
146 158
146 178
146 183
146 190
146 195
146 215
146 216
146 247
146 266
146 284
146 304
146 324
146 330
146 354
146 362
146 387
146 429
146 459
147 147
149 149
149 167
149 168
149 221
149 258
149 313
149 328
149 350
149 353
149 400
149 401
149 417
149 421
149 424
149 456
149 476
149 480
150 150
150 159
150 171
150 173
150 185
150 205
150 217
150 244
150 259
150 263
150 265
150 268
150 296
150 300
150 340
150 356
150 359
150 365
150 397
150 406
150 413
150 445
150 449
150 494
150 496
151 151
151 254
151 278
151 316
151 377
151 458
152 152
152 232
152 258
152 297
152 349
152 350
152 353
152 401
152 417
152 421
153 153
153 158
153 178
153 190
153 195
153 216
153 247
153 266
153 284
153 304
153 320
153 324
153 330
153 354
153 362
153 374
153 387
153 429
153 459
153 473
154 154
154 158
154 183
154 215
154 347
154 355
154 362
154 385
154 389
154 405
154 448
155 155
155 200
155 238
155 240
155 272
155 358
155 375
155 379
155 419
155 485
156 156
156 174
156 240
156 257
156 335
156 358
156 393
156 395
156 409
156 419
156 444
156 485
157 157
158 158
158 183
158 190
158 215
158 266
158 324
158 330
158 347
158 355
158 362
158 387
158 389
158 459
159 159
159 171
159 185
159 187
159 203
159 219
159 228
159 265
159 268
159 289
159 296
159 300
159 327
159 340
159 356
159 359
159 408
159 413
159 445
159 449
159 474
159 494
160 160
160 169
160 206
160 269
160 271
160 366
160 383
160 390
160 420
160 430
161 161
161 166
161 178
161 195
161 216
161 234
161 237
161 247
161 248
161 267
161 285
161 291
161 320
161 321
161 345
161 354
161 373
161 374
161 414
161 473
162 162
162 287
162 302
162 371
162 475
164 164
164 194
164 209
164 251
164 378
164 399
164 427
164 452
164 467
164 495
166 166
166 170
166 180
166 189
166 192
166 234
166 237
166 248
166 267
166 285
166 291
166 318
166 320
166 321
166 345
166 348
166 373
166 374
166 384
166 414
166 463
166 473
167 167
167 168
167 197
167 208
167 221
167 223
167 227
167 255
167 256
167 270
167 303
167 313
167 325
167 328
167 352
167 370
167 391
167 400
167 402
167 424
167 432
167 436
167 438
167 456
167 476
167 478
167 483
167 498
168 168
168 197
168 208
168 221
168 223
168 227
168 255
168 256
168 270
168 273
168 303
168 313
168 325
168 328
168 352
168 370
168 391
168 400
168 402
168 424
168 432
168 436
168 438
168 456
168 476
168 478
168 483
168 498
169 169
169 206
169 269
169 366
169 420
169 430
169 447
169 490
170 170
170 172
170 180
170 189
170 192
170 213
170 237
170 241
170 248
170 267
170 273
170 291
170 309
170 317
170 318
170 319
170 339
170 345
170 348
170 370
170 373
170 384
170 386
170 422
170 434
170 436
170 463
171 171
171 185
171 187
171 203
171 228
171 265
171 268
171 289
171 296
171 300
171 327
171 340
171 356
171 359
171 397
171 408
171 413
171 445
171 449
171 474
171 494
171 496
172 172
172 180
172 189
172 192
172 197
172 213
172 237
172 241
172 256
172 270
172 273
172 291
172 303
172 309
172 317
172 318
172 319
172 339
172 348
172 352
172 370
172 384
172 386
172 422
172 432
172 434
172 436
172 438
172 463
173 173
173 202
173 205
173 214
173 217
173 259
173 263
173 280
173 315
173 356
173 359
173 365
173 396
173 397
173 406
173 413
173 415
173 435
173 457
173 466
173 491
173 494
173 496
174 174
174 243
174 257
174 274
174 326
174 335
174 337
174 393
174 395
174 409
174 441
174 444
174 460
174 471
174 477
175 175
175 187
175 188
175 198
175 203
175 218
175 219
175 228
175 239
175 252
175 282
175 289
175 293
175 307
175 331
175 332
175 338
175 360
175 368
175 431
175 474
175 481
175 488
176 176
176 177
176 186
176 220
176 225
176 231
176 236
176 279
176 292
176 333
176 342
176 381
176 450
177 177
177 186
177 225
177 236
177 262
177 279
177 292
177 333
177 342
177 361
177 363
177 381
177 450
178 178
178 195
178 216
178 234
178 247
178 266
178 284
178 285
178 304
178 320
178 324
178 330
178 354
178 374
178 394
178 414
178 429
178 459
178 473
179 179
179 272
179 376
179 493
180 180
180 189
180 192
180 213
180 237
180 241
180 248
180 270
180 273
180 291
180 303
180 309
180 317
180 318
180 319
180 339
180 345
180 348
180 352
180 370
180 384
180 386
180 422
180 434
180 436
180 463
181 181
181 184
181 223
181 233
181 245
181 261
181 301
181 325
181 344
181 364
181 369
181 402
181 426
181 446
181 462
181 478
181 483
181 498
182 182
182 206
182 249
182 269
182 277
182 286
182 390
182 412
182 420
182 487
183 183
183 190
183 215
183 324
183 330
183 347
183 355
183 362
183 387
183 389
183 459
184 184
184 223
184 233
184 245
184 261
184 301
184 325
184 344
184 364
184 369
184 402
184 426
184 446
184 462
184 478
185 185
185 187
185 203
185 219
185 228
185 265
185 268
185 289
185 296
185 300
185 327
185 340
185 356
185 359
185 408
185 413
185 445
185 449
185 474
185 494
185 496
186 186
186 225
186 236
186 262
186 279
186 292
186 342
186 361
186 363
186 381
186 450
186 492
187 187
187 203
187 219
187 228
187 252
187 265
187 268
187 282
187 289
187 293
187 300
187 307
187 327
187 340
187 408
187 431
187 449
187 474
188 188
188 198
188 218
188 225
188 239
188 252
188 262
188 331
188 338
188 360
188 361
188 368
188 381
188 431
188 481
188 488
188 492
189 189
189 192
189 213
189 237
189 241
189 248
189 267
189 273
189 291
189 309
189 317
189 318
189 319
189 321
189 339
189 345
189 348
189 370
189 373
189 384
189 386
189 422
189 434
189 436
189 463
190 190
190 215
190 247
190 266
190 284
190 304
190 324
190 330
190 347
190 362
190 387
190 429
190 459
191 191
191 199
191 220
191 231
191 243
191 274
191 299
191 326
191 337
191 372
191 392
191 407
191 455
191 460
191 471
191 489
192 192
192 213
192 237
192 241
192 248
192 267
192 285
192 291
192 309
192 317
192 318
192 319
192 321
192 339
192 345
192 348
192 373
192 384
192 386
192 422
192 434
192 463
193 193
193 306
194 194
194 251
194 378
194 399
194 418
194 427
194 452
194 495
195 195
195 216
195 234
195 247
195 266
195 267
195 284
195 285
195 304
195 320
195 321
195 330
195 354
195 374
195 394
195 414
195 429
195 473
196 196
196 239
196 332
196 351
196 439
197 197
197 208
197 213
197 221
197 227
197 241
197 255
197 256
197 270
197 273
197 303
197 309
197 313
197 317
197 319
197 328
197 339
197 352
197 370
197 386
197 391
197 400
197 424
197 432
197 434
197 436
197 438
197 456
197 476
197 498
198 198
198 218
198 225
198 239
198 252
198 262
198 307
198 331
198 338
198 360
198 361
198 368
198 381
198 431
198 481
198 488
198 492
199 199
199 243
199 274
199 299
199 326
199 337
199 372
199 392
199 407
199 455
199 460
199 471
199 477
199 489
200 200
200 238
200 240
200 358
200 375
200 379
200 419
200 485
201 201
202 202
202 205
202 214
202 217
202 259
202 263
202 280
202 315
202 356
202 365
202 396
202 397
202 406
202 415
202 435
202 457
202 466
202 491
202 496
203 203
203 219
203 228
203 252
203 265
203 268
203 282
203 289
203 293
203 300
203 307
203 327
203 340
203 408
203 445
203 449
203 474
204 204
204 230
204 249
204 277
204 286
204 336
204 412
204 442
205 205
205 214
205 217
205 259
205 263
205 280
205 315
205 356
205 359
205 365
205 396
205 397
205 406
205 413
205 415
205 435
205 457
205 466
205 491
205 494
205 496
206 206
206 269
206 420
206 430
206 447
206 487
206 490
208 208
208 221
208 223
208 227
208 255
208 256
208 261
208 301
208 303
208 313
208 325
208 328
208 352
208 391
208 400
208 402
208 424
208 432
208 438
208 446
208 456
208 476
208 478
208 480
208 483
208 498
209 209
209 226
209 308
209 378
209 380
209 388
209 399
209 467
209 468
209 486
210 210
210 251
210 329
210 378
210 380
210 399
210 427
210 452
210 454
210 467
210 487
210 495
211 211
212 212
212 232
212 238
212 281
212 349
212 375
212 379
212 401
212 421
213 213
213 227
213 241
213 255
213 256
213 270
213 273
213 291
213 303
213 309
213 317
213 318
213 319
213 339
213 348
213 352
213 370
213 384
213 386
213 422
213 432
213 434
213 436
213 438
213 463
214 214
214 217
214 259
214 263
214 280
214 315
214 365
214 396
214 397
214 406
214 415
214 435
214 457
214 466
214 491
214 496
215 215
215 324
215 347
215 355
215 362
215 385
215 387
215 389
215 405
215 448
215 459
216 216
216 234
216 247
216 266
216 284
216 285
216 304
216 320
216 324
216 330
216 354
216 374
216 394
216 414
216 429
216 459
216 473
217 217
217 259
217 263
217 280
217 315
217 356
217 359
217 365
217 396
217 397
217 406
217 413
217 415
217 435
217 457
217 466
217 491
217 494
217 496
218 218
218 219
218 228
218 239
218 252
218 282
218 293
218 307
218 331
218 332
218 338
218 360
218 368
218 431
218 474
218 481
218 488
218 492
219 219
219 228
219 252
219 268
219 282
219 289
219 293
219 307
219 327
219 332
219 368
219 408
219 431
219 474
219 481
219 488
220 220
220 231
220 236
220 292
220 333
220 342
220 372
220 407
220 450
220 455
220 489
221 221
221 223
221 227
221 255
221 256
221 301
221 303
221 313
221 325
221 328
221 352
221 391
221 400
221 402
221 424
221 432
221 438
221 446
221 456
221 476
221 478
221 480
221 483
221 498
222 222
222 294
222 308
222 367
222 388
222 443
222 468
222 486
222 499
223 223
223 233
223 261
223 301
223 313
223 325
223 328
223 364
223 391
223 400
223 402
223 424
223 426
223 446
223 456
223 478
223 480
223 483
223 498
224 224
225 225
225 236
225 262
225 279
225 331
225 342
225 360
225 361
225 363
225 381
225 450
225 492
226 226
226 308
226 378
226 380
226 388
226 467
226 468
226 486
227 227
227 241
227 255
227 256
227 270
227 273
227 303
227 313
227 317
227 328
227 339
227 352
227 370
227 386
227 391
227 400
227 402
227 424
227 432
227 434
227 436
227 438
227 456
227 476
227 483
227 498
228 228
228 252
228 268
228 282
228 289
228 293
228 307
228 327
228 332
228 368
228 408
228 431
228 474
228 481
228 488
230 230
230 286
230 336
230 390
230 412
230 433
230 451
231 231
231 236
231 292
231 299
231 333
231 342
231 372
231 407
231 450
231 455
231 489
232 232
232 238
232 258
232 281
232 349
232 375
232 379
232 401
232 421
233 233
233 245
233 261
233 301
233 325
233 344
233 364
233 369
233 402
233 426
233 446
233 462
233 478
233 483
233 498
234 234
234 237
234 248
234 267
234 285
234 291
234 320
234 321
234 345
234 354
234 373
234 374
234 414
234 473
235 235
235 297
235 350
235 404
235 464
235 480
235 484
236 236
236 279
236 292
236 333
236 342
236 372
236 450
236 455
237 237
237 248
237 267
237 285
237 291
237 309
237 318
237 319
237 321
237 345
237 348
237 373
237 384
237 414
237 422
237 463
238 238
238 281
238 349
238 375
238 379
239 239
239 252
239 307
239 331
239 332
239 338
239 346
239 360
239 368
239 431
239 481
239 488
239 492
240 240
240 257
240 335
240 358
240 393
240 395
240 409
240 419
240 485
241 241
241 255
241 256
241 270
241 273
241 291
241 303
241 309
241 317
241 318
241 319
241 339
241 348
241 352
241 370
241 384
241 386
241 422
241 432
241 434
241 436
241 438
241 463
241 476
242 242
242 245
242 271
242 312
242 344
242 357
242 366
242 369
242 383
242 390
242 423
242 426
242 433
242 462
243 243
243 257
243 274
243 299
243 326
243 337
243 392
243 407
243 441
243 444
243 460
243 471
243 477
243 489
244 244
244 296
244 300
244 340
244 356
244 359
244 365
244 397
244 413
244 445
244 494
244 496
244 497
244 499
245 245
245 271
245 312
245 344
245 357
245 364
245 366
245 369
245 383
245 423
245 426
245 462
246 246
246 297
246 349
246 493
247 247
247 266
247 284
247 304
247 320
247 324
247 330
247 354
247 374
247 387
247 414
247 429
247 459
247 473
248 248
248 267
248 285
248 291
248 318
248 319
248 321
248 345
248 348
248 373
248 384
248 414
248 422
248 463
249 249
249 269
249 277
249 286
249 316
249 390
249 412
249 420
249 442
249 487
250 250
251 251
251 378
251 380
251 399
251 418
251 427
251 452
251 467
251 495
252 252
252 282
252 289
252 293
252 307
252 331
252 332
252 338
252 360
252 368
252 431
252 474
252 481
252 488
254 254
254 295
254 351
254 377
254 439
254 442
255 255
255 256
255 270
255 273
255 303
255 313
255 317
255 325
255 328
255 339
255 352
255 370
255 386
255 391
255 400
255 402
255 424
255 432
255 434
255 436
255 438
255 456
255 476
255 483
255 498
256 256
256 270
256 273
256 303
256 309
256 313
256 317
256 319
256 328
256 339
256 352
256 370
256 386
256 391
256 400
256 422
256 424
256 432
256 434
256 436
256 438
256 456
256 476
257 257
257 274
257 326
257 335
257 337
257 393
257 395
257 409
257 441
257 444
257 460
257 471
257 477
258 258
258 313
258 349
258 350
258 353
258 401
258 417
258 421
259 259
259 263
259 280
259 296
259 315
259 356
259 359
259 365
259 396
259 397
259 406
259 413
259 415
259 435
259 457
259 466
259 491
259 494
259 496
261 261
261 301
261 325
261 364
261 369
261 391
261 402
261 426
261 446
261 462
261 478
261 483
261 498
262 262
262 279
262 331
262 338
262 342
262 360
262 361
262 363
262 381
262 481
262 492
263 263
263 280
263 296
263 315
263 356
263 359
263 365
263 396
263 397
263 406
263 413
263 415
263 435
263 445
263 457
263 466
263 491
263 494
263 496
265 265
265 268
265 289
265 296
265 300
265 327
265 340
265 356
265 359
265 365
265 397
265 408
265 413
265 445
265 449
265 474
265 494
265 496
266 266
266 284
266 304
266 320
266 324
266 330
266 354
266 362
266 374
266 387
266 429
266 459
266 473
267 267
267 285
267 291
267 318
267 320
267 321
267 345
267 354
267 373
267 374
267 384
267 414
267 473
268 268
268 282
268 289
268 293
268 296
268 300
268 327
268 340
268 408
268 445
268 449
268 474
268 494
269 269
269 329
269 420
269 430
269 447
269 487
269 490
270 270
270 273
270 303
270 309
270 313
270 317
270 319
270 328
270 339
270 348
270 352
270 370
270 386
270 400
270 422
270 424
270 432
270 434
270 436
270 438
270 456
270 463
270 476
271 271
271 312
271 344
271 357
271 366
271 369
271 383
271 390
271 423
271 433
271 462
272 272
272 419
272 493
273 273
273 303
273 309
273 317
273 318
273 319
273 339
273 348
273 352
273 370
273 384
273 386
273 400
273 422
273 432
273 434
273 436
273 438
273 463
273 476
274 274
274 299
274 326
274 335
274 337
274 392
274 393
274 409
274 441
274 444
274 460
274 471
274 477
275 275
276 276
277 277
277 286
277 316
277 412
277 420
277 442
277 487
278 278
278 294
278 367
278 454
278 458
278 468
279 279
279 292
279 333
279 342
279 361
279 363
279 381
279 450
279 492
280 280
280 315
280 396
280 406
280 415
280 435
280 457
280 466
280 491
281 281
281 349
281 375
281 379
281 401
281 421
282 282
282 289
282 293
282 307
282 327
282 332
282 338
282 368
282 408
282 431
282 474
282 481
282 488
284 284
284 304
284 320
284 324
284 330
284 354
284 374
284 387
284 429
284 459
284 473
285 285
285 291
285 320
285 321
285 345
285 354
285 373
285 374
285 414
285 473
286 286
286 390
286 412
286 420
286 433
286 451
287 287
287 371
287 425
288 288
288 404
288 423
288 425
288 451
288 484
289 289
289 293
289 296
289 300
289 307
289 327
289 340
289 408
289 445
289 449
289 474
291 291
291 309
291 318
291 319
291 321
291 345
291 348
291 373
291 384
291 386
291 414
291 422
291 434
291 463
292 292
292 333
292 342
292 372
292 407
292 450
292 455
293 293
293 307
293 327
293 332
293 338
293 368
293 408
293 431
293 474
293 481
293 488
294 294
294 367
294 458
294 468
295 295
295 439
295 442
296 296
296 300
296 327
296 340
296 356
296 359
296 365
296 397
296 406
296 408
296 413
296 445
296 449
296 494
296 496
297 297
297 349
297 350
297 464
298 298
299 299
299 326
299 337
299 372
299 392
299 407
299 455
299 460
299 471
299 477
299 489
300 300
300 327
300 340
300 356
300 359
300 365
300 397
300 408
300 413
300 445
300 449
300 494
300 496
301 301
301 325
301 364
301 391
301 402
301 426
301 446
301 462
301 478
301 480
301 483
301 498
302 302
302 371
302 376
302 475
303 303
303 309
303 313
303 317
303 319
303 328
303 339
303 352
303 370
303 386
303 391
303 400
303 422
303 424
303 432
303 434
303 436
303 438
303 456
303 476
304 304
304 320
304 324
304 330
304 354
304 374
304 387
304 429
304 459
304 473
305 305
306 306
306 367
306 497
306 499
307 307
307 331
307 332
307 338
307 360
307 368
307 408
307 431
307 474
307 481
307 488
308 308
308 367
308 388
308 443
308 468
308 486
309 309
309 317
309 318
309 319
309 339
309 345
309 348
309 352
309 370
309 384
309 386
309 422
309 432
309 434
309 436
309 438
309 463
310 310
312 312
312 344
312 357
312 366
312 369
312 383
312 390
312 423
312 433
312 451
312 462
313 313
313 325
313 328
313 352
313 353
313 391
313 400
313 402
313 417
313 424
313 432
313 438
313 456
313 476
313 480
313 483
313 498
315 315
315 365
315 396
315 406
315 415
315 435
315 457
315 466
315 491
316 316
316 442
316 454
316 458
316 487
317 317
317 318
317 319
317 339
317 348
317 352
317 370
317 384
317 386
317 400
317 422
317 432
317 434
317 436
317 438
317 463
317 476
318 318
318 319
318 321
318 339
318 345
318 348
318 373
318 384
318 386
318 422
318 434
318 436
318 463
319 319
319 339
319 345
319 348
319 352
319 370
319 384
319 386
319 422
319 434
319 436
319 438
319 463
320 320
320 321
320 330
320 354
320 373
320 374
320 394
320 414
320 429
320 473
321 321
321 345
321 354
321 373
321 374
321 384
321 414
321 473
324 324
324 330
324 347
324 362
324 387
324 429
324 459
325 325
325 328
325 364
325 391
325 400
325 402
325 424
325 446
325 456
325 476
325 478
325 480
325 483
325 498
326 326
326 337
326 392
326 409
326 441
326 444
326 460
326 471
326 477
326 489
327 327
327 340
327 408
327 445
327 449
327 474
327 494
328 328
328 352
328 370
328 391
328 400
328 402
328 424
328 432
328 436
328 438
328 456
328 476
328 478
328 483
328 498
329 329
329 380
329 399
329 454
329 458
329 487
330 330
330 354
330 362
330 374
330 387
330 429
330 459
331 331
331 338
331 360
331 361
331 368
331 381
331 431
331 481
331 488
331 492
332 332
332 431
332 474
333 333
333 342
333 372
333 407
333 450
333 455
333 489
335 335
335 358
335 393
335 395
335 409
335 419
335 441
335 444
335 477
336 336
336 382
336 412
336 442
336 451
337 337
337 392
337 393
337 409
337 441
337 444
337 460
337 471
337 477
337 489
338 338
338 360
338 361
338 368
338 381
338 431
338 481
338 488
338 492
339 339
339 348
339 352
339 370
339 384
339 386
339 400
339 422
339 432
339 434
339 436
339 438
339 463
339 476
340 340
340 356
340 359
340 365
340 397
340 408
340 413
340 445
340 449
340 494
340 496
342 342
342 361
342 381
342 450
344 344
344 357
344 364
344 366
344 369
344 383
344 423
344 426
344 433
344 462
345 345
345 348
345 373
345 384
345 414
345 422
345 463
346 346
346 363
347 347
347 355
347 362
347 385
347 387
347 389
347 405
347 448
347 459
348 348
348 352
348 370
348 384
348 386
348 422
348 434
348 436
348 463
349 349
349 375
349 401
349 421
350 350
350 353
350 401
350 417
350 464
350 480
351 351
351 377
351 439
352 352
352 370
352 386
352 400
352 422
352 424
352 432
352 434
352 436
352 438
352 456
352 476
353 353
353 401
353 417
353 421
353 424
354 354
354 373
354 374
354 394
354 414
354 429
354 473
355 355
355 362
355 385
355 389
355 405
355 448
356 356
356 359
356 365
356 397
356 406
356 413
356 435
356 445
356 449
356 491
356 494
356 496
357 357
357 366
357 369
357 383
357 390
357 423
357 433
357 462
358 358
358 395
358 419
358 485
359 359
359 365
359 397
359 406
359 413
359 445
359 449
359 494
359 496
360 360
360 361
360 368
360 381
360 431
360 481
360 488
360 492
361 361
361 363
361 381
361 492
362 362
362 387
362 389
362 459
363 363
363 381
364 364
364 369
364 402
364 426
364 446
364 462
364 478
365 365
365 397
365 406
365 413
365 435
365 445
365 449
365 457
365 466
365 491
365 494
365 496
366 366
366 369
366 383
366 390
366 420
366 462
367 367
367 468
368 368
368 431
368 481
368 488
368 492
369 369
369 383
369 423
369 426
369 446
369 462
370 370
370 386
370 400
370 422
370 424
370 432
370 434
370 436
370 438
370 456
370 463
370 476
371 371
372 372
372 407
372 450
372 455
372 489
373 373
373 374
373 384
373 414
373 463
373 473
374 374
374 394
374 414
374 429
374 473
375 375
375 379
376 376
376 475
376 493
377 377
378 378
378 380
378 399
378 427
378 452
378 467
378 495
379 379
379 485
380 380
380 399
380 454
380 458
380 467
380 468
381 381
381 492
382 382
382 425
383 383
383 390
383 423
383 433
383 462
384 384
384 386
384 422
384 434
384 436
384 463
385 385
385 389
385 405
385 448
386 386
386 422
386 432
386 434
386 436
386 438
386 463
386 476
387 387
387 389
387 429
387 459
388 388
388 467
388 468
388 486
389 389
389 405
389 448
390 390
390 412
390 420
390 433
390 451
391 391
391 400
391 402
391 424
391 432
391 438
391 446
391 456
391 476
391 478
391 480
391 483
391 498
392 392
392 407
392 441
392 460
392 469
392 471
392 489
393 393
393 395
393 409
393 419
393 441
393 444
393 460
393 477
394 394
394 473
395 395
395 409
395 419
395 444
395 477
396 396
396 406
396 415
396 435
396 457
396 466
396 491
397 397
397 406
397 413
397 435
397 445
397 449
397 457
397 466
397 491
397 494
397 496
398 398
399 399
399 427
399 452
399 467
399 495
400 400
400 402
400 424
400 432
400 436
400 438
400 456
400 476
400 483
400 498
401 401
401 417
401 421
402 402
402 424
402 432
402 446
402 456
402 476
402 478
402 480
402 483
402 498
403 403
404 404
404 484
405 405
405 448
406 406
406 413
406 415
406 435
406 445
406 457
406 466
406 491
406 494
406 496
407 407
407 455
407 489
408 408
408 445
408 449
408 474
409 409
409 419
409 441
409 444
409 460
409 471
409 477
410 410
411 411
412 412
412 442
412 451
413 413
413 435
413 445
413 449
413 494
413 496
414 414
414 473
415 415
415 435
415 457
415 466
415 491
417 417
417 421
417 424
417 480
418 418
418 427
418 430
418 447
418 452
418 490
418 495
419 419
419 485
420 420
421 421
422 422
422 434
422 436
422 463
423 423
423 433
423 451
423 462
424 424
424 432
424 436
424 438
424 456
424 476
424 478
424 480
424 483
424 498
425 425
426 426
426 446
426 462
426 478
427 427
427 452
427 467
427 495
429 429
429 459
429 473
430 430
430 447
430 490
431 431
431 474
431 481
431 488
431 492
432 432
432 434
432 436
432 438
432 456
432 476
432 483
432 498
433 433
433 451
434 434
434 436
434 438
434 463
434 476
435 435
435 457
435 466
435 491
435 496
436 436
436 438
436 463
436 476
438 438
438 456
438 476
438 483
438 498
439 439
440 440
441 441
441 444
441 460
441 469
441 471
441 477
442 442
443 443
443 497
444 444
444 460
444 471
444 477
445 445
445 449
445 494
445 496
446 446
446 462
446 478
446 483
446 498
447 447
447 452
447 490
448 448
449 449
449 494
449 496
450 450
450 455
451 451
452 452
452 490
452 495
454 454
454 458
454 487
455 455
455 489
456 456
456 476
456 478
456 483
456 498
457 457
457 466
457 491
458 458
459 459
460 460
460 471
460 477
461 461
462 462
463 463
464 464
464 480
465 465
466 466
466 491
467 467
467 495
468 468
468 486
469 469
471 471
471 477
471 489
473 473
474 474
475 475
476 476
476 483
476 498
477 477
478 478
478 480
478 483
478 498
480 480
480 483
480 498
481 481
481 488
481 492
483 483
483 498
484 484
485 485
486 486
487 487
488 488
488 492
489 489
490 490
491 491
491 496
492 492
493 493
494 494
494 496
495 495
496 496
497 497
497 499
498 498
499 499
